Bench 2200000 1245.90
Bench 1500000 1831.34
targetLowbound : 1243 ; targetHighbound : 1248
targetQ1 : 1250 ; targetQ3 : 1250
startLowbound : 1822 ; startHighbound : 1840
Confidence intervals do not overlap, alternatives are statistically different with selected confidence level
2381650	0	2360550
954700	5607750	947925
2369725	12637800	2363600
2406175	20386625	2400050
2457125	25290150	2450550
2372600	33088025	2366725
1215250	38093325	1209025
1974825	43087825	1968875
2376300	50546725	2370125
2161725	55587125	2156025
2372225	63080050	2366225
1308225	68088675	1302000
1899375	73089675	1893500
1488800	78101650	1482725
2416375	85369175	2410475
2119375	90607275	2113725
1666025	95588750	1660375
1038600	100588900	1032650
2318500	105603675	2312850
865725	110375825	859825
1265825	115591075	1258975
2366400	122321600	2360425
5825	124763300	1700
916075	130588625	910125
1055700	135385750	1049700
974675	140589725	968775
2366500	147299150	2360400
5500	148280375	1700
1495900	153091000	1490025
2183525	158091000	2177500
962025	163107075	956175
1640475	168090550	1634475
2376500	173024050	2370325
2007775	178105175	2001850
887950	183090350	882175
864150	188089150	858250
2385850	195158250	2380050
1680650	200590525	1674850
2366275	207386075	2360250
2242575	213089850	2236775
1098375	218115700	1092425
1092250	223099450	1086450
1596025	228090800	1589925
1713275	233115625	1707425
2366325	239868525	2360300
1667800	245592450	1662125
894075	250606325	888200
1882725	255397425	1877100
1319575	260591725	1313600
2038200	265602800	2032375
1496800	270591400	1490850
2167150	275419275	2161475
2366150	282448225	2360225
2433900	287671025	2426625
1206225	293105700	1200325
2366950	299961500	2360875
2366425	307425875	2360225
1104225	313091175	1098375
2008425	318092825	2002350
2142800	323104675	2136975
1718250	328092550	1712050
2085200	333094625	2079300
2352775	338102275	2346675
1932225	343093975	1926400
1509675	347901550	1503600
2175525	353102275	2169675
2366925	359961200	2360900
1161625	365608425	1155550
1470750	370592550	1464800
2240625	375592425	2234950
2420525	380422325	2413850
1664025	385593150	1658325
2366250	392267825	2360275
6025	392920025	1700
2366300	399922950	2360325
1412725	405616825	1406625
2366075	412557700	2360225
1244475	418090975	1238375
1455150	423106775	1449250
2244625	428093675	2238600
2406300	435337750	2400550
1192275	440593775	1186350
908075	445591950	901975
839800	450411175	833925
2184675	455593575	2179050
2366125	462432550	2360225
1025825	468099675	1019825
1689275	473093175	1683475
2402700	480379075	2396600
2366300	487182650	2360200
346175	488095000	339625
1725175	493111450	1719275
2370950	500152275	2364850
1993150	505616900	1987450
1798925	510600050	1793250
1039275	515592975	1033125
2371725	520600400	2366050
2366275	527419900	2360225
2036250	533094875	2030500
1187650	538106275	1181575
706750	542900375	700950
1759325	548090350	1753250
2350050	554796150	2344275
5500	556683850	1650
2336450	562382375	2330650
7450	565070775	3250
1720400	568101325	1714675
1587200	573093100	1581350
859150	577910125	853225
1378150	583099025	1372350
2124875	588095725	2118850
1676850	593115200	1671025
2126600	598097400	2120475
1356400	603094850	1350600
2326050	608114425	2320050
2206850	615402650	2201050
2337175	622277875	2331200
257550	623113525	250800
1669125	628097450	1663075
2350025	635045725	2344125
2373650	642879275	2367700
2009400	648095075	2003350
1098850	653109550	1092950
2054125	657887325	2048050
1130025	663095575	1124200
1811550	668107150	1805475
2100225	673095750	2094375
1422775	678120725	1416750
1890050	683103200	1884150
2353875	690241950	2347750
2340275	697645700	2334200
2389950	702897925	2383125
2361075	707999175	2354025
2391950	715324900	2386050
2337175	722235050	2331225
7425	724847650	3250
2384125	727917025	2377750
2376550	735351950	2370675
1052625	740600475	1046750
1264575	745404925	1258525
1670475	750615775	1664800
1343600	755598950	1337400
866875	760597125	861000
1086850	765612000	1080400
2337325	770582500	2331675
1590950	775596100	1585300
1651850	780606950	1646100
2338375	787633550	2332275
2168450	793116125	2162600
2336800	799784325	2330775
85850	800390875	80050
2037000	805384525	2031325
1972900	810607925	1967175
1314700	815597250	1308675
868375	820623450	862475
852100	825607000	845950
2363425	832810825	2357575
1895075	838109975	1889025
2352125	844692125	2346275
117500	845597375	112625
2150250	850620075	2144600
2354850	857749625	2348775
2350200	864807600	2344325
141500	865618775	136700
2337125	872499450	2331250
2336750	879853950	2330750
957525	885597275	951325
1108725	890598400	1103025
1186125	895610775	1180025
2354250	902751500	2348325
719700	907906850	713650
960275	913097325	954475
2349225	920208900	2343150
2272000	925604125	2266350
1043225	930600300	1037575
1170025	935617125	1163950
1013425	940597975	1007825
2337350	947496825	2331275
2049600	953104150	2043775
2334925	958096900	2328900
863450	963118000	857675
2337325	970021775	2331275
2361700	975560925	2356050
1951775	980603625	1946050
2349575	988023875	2343325
860900	993110200	855050
1148325	998097600	1142225
1607900	1003094650	1602100
2398425	1007862800	2391450
2351375	1014658200	2345625
7075	1017068675	3250
1279750	1020611550	1274150
1551650	1025598475	1546025
1345775	1030407550	1340025
831175	1035605300	824975
1006325	1040600450	1000650
2411875	1045383550	2405400
1477675	1050599275	1471950
2337425	1057161500	2331275
5500	1059221975	1650
