2499550
2497850
2500175
2499125
2500650
2500625
2499575
2500575
2499525
2500600
2499550
2500600
2499550
2500575
2499550
2500600
2499650
2499600
2500600
2500575
2498900
2500600
2499550
2500625
2499900
2499575
2500600
2499550
2500425
2499550
2500600
2499550
2500850
2499550
2499575
2499575
2500950
2499575
2500575
2499600
2499625
2500575
2499550
2500575
2477775
2522550
2499550
2500600
2499250
2489700
2509525
2500075
2501650
2499125
2500150
2500150
2499750
2500025
2500050
2500050
2499950
2500175
2500150
2500150
2499675
2499550
2499550
2500650
2499800
2500050
2500050
2500025
2500350
2500050
2500050
2500025
2500100
2500600
2499575
2499575
2500525
2499150
2500200
2500200
2500775
2500200
2499150
2500200
2499175
2501250
2499150
2500200
2500900
2499175
2500200
2500225
2499525
2500200
2500225
2500200
2500425
2499150
2500150
2501225
2499400
2500175
2500150
2500125
2499450
2500150
2500175
2499100
2501350
2499125
2500125
2500200
2500225
2500200
2500175
2499100
2500150
2500175
2500150
2499150
2501250
2499100
2500175
2500175
2500325
2500200
2500150
2499100
2500475
2499550
2500600
2499550
2500300
2500600
2499550
2500625
2499350
2500050
2499000
2501100
2499225
2501675
2498500
2500600
2500525
2500075
2498975
2501075
2499575
2499575
2500600
2499550
2500450
2500050
2500050
2500050
2499875
2500625
2499525
2499550
2500350
2500075
2500050
2500050
2499900
2500600
2499575
2499550
2500375
2500050
2500050
2500050
2499600
2500625
2500575
2499575
2499500
2501075
2500025
2499000
2500725
2499550
2499525
2500600
2500425
2500050
2500050
2499000
2499925
2501675
2498500
2500225
2500075
2501075
2499000
2500075
2499650
2500600
2500600
2499550
2499550
2501075
2499000
2500025
2500375
2499575
2500600
2499550
2499600
2500600
2500600
2499575
2500700
2498975
2500075
2500050
2500825
2500050
2499025
2501125
2498550
2501075
2500050
2500050
2500400
2500025
2500050
2499000
2500325
2499575
2499600
2500575
2500050
2500625
2499550
2500600
2499950
2499550
2499550
2500600
2477300
2522550
2500600
2499575
2499775
2500600
2500625
2499575
2499775
2500625
2499550
2499550
2499800
2500600
2499550
2500625
2500075
2500625
2499600
2499575
2500550
2500625
2498500
2500600
2500000
2500600
2499575
2499550
2499925
2500600
2500600
2499550
2499025
2501650
2498500
2500600
2500100
2500600
2499575
2500575
2499675
2499525
2500600
2499550
2499425
2500575
2499575
2500600
2499775
2500600
2499575
2500625
2498800
2500600
2499575
2500600
2499475
2500600
2499575
2500600
2500075
2499525
2500625
2500600
2498950
2500625
2500575
2498550
2500800
2500600
2498500
2501650
2499400
2499575
2499550
2500600
2499625
2500600
2499575
2500600
2499425
2500625
2499575
2500625
2500075
2499575
2500625
2499550
2500050
2499600
2500600
2499550
2499850
2500575
2499575
2500600
2500600
2499550
2499550
2499575
2500025
2500625
2500625
2499550
2499975
2499575
2500600
2499550
2500475
2500625
2499550
2499575
2499400
2500575
2500600
2499550
2499800
2500625
2500625
2498500
2500450
2500600
2499550
2500600
2499875
2499575
2500600
2499525
2500475
2499525
2499575
2500600
2499850
2500650
2499550
2500600
2499250
2500600
2499550
2499550
2501050
2500600
2498525
2500600
2499850
2500575
2499550
2500600
2498750
2501650
2498500
2500575
2499900
2500575
2499575
2500625
2499875
2499550
2499550
2500600
2499825
2499600
2500625
2499575
2499900
2500675
2499550
2499550
2501875
2499550
2499575
2500600
2498825
2500575
2500600
2499575
2499825
2499600
2499550
2501650
2499875
2499600
2500600
2499550
2499725
2500625
2499525
2499575
2499875
2500600
2499550
2500600
2499825
2499550
2500625
2499550
2499825
2500600
2500600
2499575
2499700
2500600
2499550
2500625
2499825
2499575
2500625
2499575
2500650
2500600
2498500
2500625
2500925
2499550
2499550
2500625
2499875
2499525
2499000
2500825
2499850
2500625
2500600
2498500
2501275
2499550
2499550
2500625
2498925
2500600
2500625
2500575
2498775
2500600
2500600
2498525
2500825
2500600
2499550
2499550
2500775
2499550
2500600
2498575
2500850
2500600
2499550
2499575
2500850
2499550
2500600
2499550
2499900
2499550
2500600
2500600
2498725
2500600
2500625
2499750
2499850
2499550
2500625
2499550
2500625
2500600
2499550
2500600
2498800
2501625
2498525
2500600
2499775
2500575
2499600
2500600
2499825
2499600
2499550
2500575
2498850
2501625
2499575
2499550
2500475
2500625
2498525
2500575
2500125
2500625
2499550
2500575
2498675
2500600
2499550
2500600
2499775
2500600
2499550
2500600
2499725
2500625
2499550
2499575
2500875
2499550
2500600
2499550
2499775
2499575
2500600
2499575
2499725
2500575
2499575
2500625
2499800
2500600
2499600
2500600
2498700
2500600
2499575
2500575
2499850
2500600
2499575
2500575
2499775
2499550
2499575
2501650
2499800
2499550
2499600
2500600
2499750
2499575
2500650
2500600
2498750
2500650
2500575
2498550
2500800
2500600
2499550
2500600
2499750
2499550
2499575
2500575
2500775
2498525
2500350
2500625
2499725
2499550
2500350
2500625
2500775
2499550
2499550
2500625
2499825
2499625
2500625
2499525
2499800
2500625
2500600
2499550
2499750
2500600
2499550
2499575
2500775
2500625
2498500
2500600
2499800
2500625
2499525
2500600
2499425
2499550
2500600
2500600
2500075
2499575
2499550
2500600
2499825
2499575
2500600
2499575
2500925
2499550
2499550
2500600
2498650
2501650
2499575
2499550
2499775
2500650
2500600
2499575
2920925
2087650
2493650
2497550
2500250
2499575
2499550
2500650
2500550
2499575
2499600
2500625
2499925
2499575
2500650
2499575
2500050
2499600
2500675
2500625
2499150
2500625
2499600
2500625
2499725
2499575
2499575
2500625
2499825
2499575
2500650
2499575
2500850
2499600
2499550
2500650
2499725
2499625
2500350
2500625
2499850
2500350
2499625
2499600
2500850
2499575
2499575
2500625
2499775
2499600
2500675
2500600
2498850
2500625
2499575
2499650
2500650
2500650
2499575
2499625
2500800
2499575
2499575
2500625
2499750
2499575
2500625
2499600
2499875
2500675
2499550
2500675
2500000
2499600
2499600
2500625
2500600
2499575
2500625
2499300
2500000
2500650
2499575
2499575
2500875
2499575
2500625
2499575
2499900
2499575
2500650
2500600
2499900
2499600
2500600
2498550
2500800
2500600
2498550
2500625
2500100
2500075
2500050
2500100
2499300
2501100
2500050
2499050
2501375
2499025
2500075
2500075
2500375
2500050
2500075
2500050
2499325
2500100
2501100
2499025
2499875
2500675
2499575
2499575
2500950
2499575
2500625
2499575
2500950
2499575
2499575
2500625
2499850
2499575
2499575
2499575
2501075
2499600
2499600
2500350
2500900
2499600
2500375
2499575
2500850
2498550
2500600
2500625
2499825
2499600
2500625
2499600
2500000
2500625
2499575
2499575
2499900
2499600
2500600
2500650
2499200
2500625
2499575
2500650
2500250
2500075
2499025
2500075
2499625
2500100
2501100
2500100
2499350
2501150
2500100
2499000
2500250
2500050
2499050
2500050
2500325
2501150
2500075
2499025
2501375
2499025
2500075
2500050
2500325
2499025
2501100
2499025
2501325
2500150
2499050
2500075
2500425
2500075
2500050
2500050
2500075
2500050
2499025
2501150
2499500
2499550
2499575
2500625
2499225
2500650
2500625
2499600
2499825
2500625
2499600
2500350
2499800
2499550
2500375
2499600
2500925
2499550
2500625
2499575
2499750
2499575
2500625
2500625
2499900
2499600
2499600
2500625
2499900
2499575
2500625
2499575
2499850
2500650
2499550
2499625
2501025
2499575
2499550
2500650
2499875
2500650
2499575
2499575
2500950
2499575
2500600
2499625
2499750
2499600
2500650
2499550
2499875
2500675
2499575
2499575
2500500
2499600
2500625
2499600
2500025
2500600
2499575
2500675
2499900
2499575
2500675
2499550
2499950
2500625
2499575
2499575
2499900
2500600
2499600
2500625
2499800
2499575
2500650
2499575
2499850
2500600
2499600
2499550
2500850
2499575
2500625
2500625
2498825
2500650
2500625
2498525
2500525
2500625
2499625
2499575
2500875
2499575
2499600
2500600
2499925
2499550
2500650
2499575
2500875
2499625
2500325
2499575
2499900
2500400
2499600
2499550
2500825
2499575
2500650
2499575
2499850
2500625
2499600
2499600
2501050
2499600
2499600
2500650
2499825
2499550
2500625
2499600
2499800
2500625
2499550
2499600
2500950
2499575
2500650
2499600
2500050
2499600
2500625
2499575
2499800
2500625
2500625
2498575
2500900
2499575
2500625
2499575
2500925
2499600
2499575
2500650
2498900
2499600
2501700
2499575
2500125
2499575
2500650
2499900
2501050
2498525
2500625
2500625
2498700
2500600
2500625
2498525
2501050
2500375
2499600
2499575
2500700
2499575
2499550
2500625
2499525
2500675
2500625
2499575
2499750
2500650
2499325
2500625
2498725
2500350
2500625
2499600
2499900
2499600
2500625
2499600
2500500
2499600
2500650
2499575
2500875
2499650
2499575
2499575
2500825
2499600
2500650
2498525
2501525
2500650
2498525
2500650
2500150
2499575
2500650
2499550
2500025
2499325
2500600
2499600
2500925
2499575
2500625
2499575
2499600
2500625
2499575
2500625
2499775
2500650
2498550
2500600
2500900
2500375
2499575
2499575
2499625
2500600
2500650
2499600
2499825
2500650
2499575
2499575
2499850
2500625
2499600
2499600
2499900
2501650
2498600
2500625
2499850
2499575
2500600
2499575
2501050
2499600
2499600
2499550
2500850
2500625
2499600
2499575
2499825
2500650
2500600
2498550
2500950
2500625
2498525
2500600
2500750
2498550
2500625
2500625
2498725
2500625
2500625
2499650
2499800
2500625
2499575
2499575
2500975
2499575
2499600
2500600
2500850
2498550
2500600
2500600
2499775
2499550
2499575
2501650
2499075
2500625
2499575
2500625
2499600
2499550
2500650
2499350
2499750
2500650
2499575
2499575
2500850
2499575
2500625
2499600
2500025
2500625
2499650
2499300
2500275
2499575
2500600
2500375
2499125
2500600
2499575
2500650
2500900
2498600
2500625
2499575
2501025
2498550
2500625
2500675
2499850
2499550
2500650
2499575
2499800
2500625
2499600
2499600
2500800
2499575
2500625
2498575
2501925
2498550
2500625
2499575
2500875
2499550
2500650
2499575
2499875
2500625
2499575
2499575
2499900
2500625
2499550
2500650
2499800
2499575
2501650
2498575
2499775
2500650
2500625
2498575
2500825
2499575
2500625
2499575
2499825
2499575
2500625
2499625
2501050
2499600
2500625
2499600
2499775
2500650
2499575
2499575
2500900
2499575
2499550
2500650
2500100
2499575
2500625
2499325
2499850
2500600
2500625
2499550
2499800
2499575
2500350
2499575
2500850
2500625
2499600
2499600
2499800
2500600
2499575
2500625
2499750
2499600
2500625
2499600
2499825
2499600
2501650
2498525
2501125
2499650
2499600
2499600
2500950
2499575
2500650
2499575
2499675
2500625
2499600
2499600
2501000
2499575
2500625
2498525
2500875
2500650
2499575
2499575
2499750
2500625
2499550
2500650
2499825
2499575
2500600
2499575
2500850
2500350
2498550
2501675
2499550
2500625
2498525
2500650
2501200
2498525
2499575
2500600
2500925
2499600
2499575
2500600
2499925
2499600
2500625
2499575
2499875
2500650
2498575
2500600
2500850
2499550
2500625
2499550
2499850
2499575
2501675
2498525
2500825
2500625
2498550
2500600
2499850
2500650
2499550
2500625
2498775
2500650
2500350
2499600
2500850
2499600
2499575
2500625
2499500
2499600
2500675
2500625
2499850
2499575
2499575
2499350
2500925
2499575
2500625
2499575
2499775
2500625
2499575
2500625
2499600
2499600
2500600
2499600
2500800
2499575
2499575
2499325
2500850
2500675
2499300
2500650
2499700
2499625
2501675
2498500
2500950
2499575
2499600
2500625
2499000
2500625
2499600
2500600
2499875
2499575
2500625
2500625
2498825
2500625
2499575
2499575
2500850
2500625
2499575
2499575
2500900
2499575
2499575
2500625
2499875
2500350
2499600
2500650
2500000
2500375
2498550
2501650
2499875
2499600
2499575
2500625
2500000
2499600
2499300
2500600
2500800
2499325
2499575
2500600
2500100
2499575
2500650
2499575
2500400
2499575
2500650
2499575
2499850
2500600
2499375
2500600
2499875
2499575
2500625
2499600
2499850
2500650
2499575
2499325
2500825
2499625
2500625
2499625
2499850
2500625
2499575
2500600
2498725
2500375
2500625
2499575
2500850
2499575
2499575
2500375
2500925
2499575
2499625
2499600
2501050
2499600
2499575
2499600
2500975
2500350
2499625
2499550
2500875
2499575
2499575
2500650
2500325
2499600
2499575
2500650
2499825
2499575
2500675
2499550
2500850
2499600
2500675
2499575
2499075
2500650
2500625
2499325
2500875
2499625
2499600
2500650
2499900
2499325
2499575
2500650
2499900
2500650
2499575
2500650
2499825
2499625
2500600
2499375
2499725
2499600
2500600
2500625
2499825
2500375
2499575
2499575
2499800
2500625
2499550
2500650
2499800
2499550
2500625
2499550
2500050
2500600
2500600
2498500
2500700
2500625
2499525
2499700
2500000
2500625
2499525
2500350
2500275
2500075
2499750
2500050
2500375
2499025
2500050
2500075
2500250
2500050
2500050
2500050
2501025
2500050
2499025
2499800
2501325
2499000
2500050
2500050
2500300
2499800
2500050
2500050
2500000
2500100
2500050
2499000
2500475
2501125
2499000
2499800
2500350
2501100
2499025
2500075
2500300
2499775
2500075
2500050
2500000
2500050
2499000
2500850
2500250
2500050
2500050
2500050
2500300
2499000
2501100
2500050
2499175
2500025
2501100
2499000
2500250
2500075
2500075
2499750
2500275
2500075
2500075
2500050
2500250
2499825
2500025
2500075
2499525
2501075
2499000
2500075
2500400
2500075
2500050
2500050
2500250
2500050
2500050
2500050
2499200
2501075
2499000
2501075
2500050
2499025
2501100
2499800
2500200
2499000
2500025
2501100
2499250
2500075
2499800
2500025
2500300
2499775
2500050
2500075
2500250
2500100
2499000
2500850
2487600
2512575
2498725
2501125
2500275
2500025
2499000
2500075
2501325
2499800
2500050
2500050
2500025
2499025
2500025
2501100
2500200
2499000
2500050
2500050
2501275
2499800
2500025
2499025
2500550
2499775
2500050
2500050
2500500
2499025
2500050
2500050
2500300
2500050
2500050
2500075
2500850
2498250
2501650
2498500
2501250
2499550
2499600
2500625
2499950
2500075
2500025
2500075
2499350
2501100
2499000
2500075
2501525
2497950
2501100
2500050
2499350
2500050
2501100
2499000
2500300
2501100
2499000
2500050
2500275
2500075
2499800
2501100
2498200
2500825
2500025
2500050
2499950
2501100
2500050
2498725
2501300
2499050
2500050
2500050
2500325
2499000
2501100
2499000
2500425
2501100
2499000
2500050
2500425
2500050
2500050
2499800
2500300
2500050
2499800
2500100
2500275
2500075
2499000
2500050
2500425
2500050
2500050
2500075
2500300
2500050
2501025
2499150
2500275
2499125
2500025
2500025
2500275
2500050
2501075
2499000
2500250
2500075
2499000
2500850
2499450
2500050
2501075
2499000
2501225
2499000
2501075
2499000
2500250
2499825
2499000
2501075
2500100
2500025
2500100
2500025
2500425
2500075
2499850
2500075
2499275
2500050
2500825
2500025
2500925
2498750
2500025
2500075
2500450
2498975
2500075
2501075
2499675
2500075
2500050
2499775
2500350
2499775
2500075
2500050
2500300
2499800
2500050
2500025
2500325
2500025
2500075
2498975
2501300
2499025
2500050
2500050
2500875
2499425
2499700
2499725
2500225
2500150
2500150
2500125
2499525
2500150
2500125
2499900
2500675
2499125
2500925
2499150
2500400
2500950
2500150
2499100
2501200
2499100
2500175
2500175
2500375
2499125
2500150
2500150
2499325
2501225
2499900
2499150
2500675
2487625
2512700
2500150
2499700
2500150
2499100
2501175
2499375
2500150
2500150
2499150
2500250
2499900
2500200
2500125
2500425
2499875
2500150
2500175
2499175
2501200
2499100
2499925
2500525
2499125
2500900
2500200
2499375
2499900
2501225
2499100
2500150
2500175
2500125
2500175
2500025
2499125
2501200
2499125
2499900
2501175
2498850
2500150
2500625
2500175
2499100
2500150
2501200
2499125
2500150
2499875
2500500
2499100
2500175
2500150
2500100
2501200
2499100
2500150
2499300
2500175
2500150
2500125
2499425
2500225
2500125
2500175
2500425
2500175
2499075
2501225
2499350
2499900
2500150
2501200
2498925
2500150
2501175
2499150
2500375
2500175
2499125
2501225
2499300
2500175
2499925
2500200
2500425
2499100
2499150
2501225
2500125
2499125
2500150
2500150
2500175
2500175
2500175
2500175
2500350
2499125
2499875
2501200
2499350
2499875
2500175
2499100
2501400
2499100
2500150
2499875
2500425
2500200
2500125
2499900
2499400
2501225
2499100
2500150
2500375
2499125
2500200
2500175
2500350
2500200
2499175
2501175
2500375
2499125
2500150
2500150
2499325
2500150
2500175
2500175
2499600
2499875
2501225
2499100
2499350
2501200
2500150
2499875
2499350
2501250
2499125
2500150
2499575
2499950
2501225
2499100
2501400
2498925
2500175
2499100
2501550
2499100
2500150
2500150
2500350
2499100
2501425
2499375
2499475
2500175
2500150
2499350
2500150
2500200
2500125
2499925
2500400
2500175
2499125
2500125
2501450
2499150
2500175
2500125
2500375
2499925
2499125
2500375
2500225
2500150
2500150
2498875
2501450
2499125
2499900
2500375
2500350
2488975
2510850
2500600
2500150
2499100
2501225
2498550
2500575
2500600
2499575
2499325
2500550
2500600
2499550
2499600
2500975
2499275
2499550
2500600
2500000
2500350
2500600
2498500
2500850
2500575
2499550
2499300
2500875
2499550
2499275
2501650
2498975
2500350
2500600
2499575
2500150
2499525
2499550
2501650
2498800
2500625
2499550
2500600
2499775
2499550
2500600
2499550
2500825
2499275
2500625
2499550
2499800
2500675
2500650
2499275
2499875
2500675
2499650
2499575
2500575
2499625
2499625
2500625
2499475
2500400
2499600
2500625
2499225
2501625
2498500
2500375
2499875
2500650
2499300
2500625
2500375
2499275
2499575
2500625
2500325
2499300
2501625
2499550
2499400
2500575
2499550
2500150
2500825
2499575
2499300
2500350
2500475
2499825
2499550
2499575
2501425
2499550
2499550
2500600
2499725
2499550
2500625
2500600
2499500
2499575
2500325
2500600
2499950
2499300
2499550
2500600
2499725
2499575
2500600
2500600
2499900
2499550
2499550
2500600
2500900
2499550
2499550
2499575
2500875
2499550
2500650
2499550
2499550
2500575
2500625
2498225
2501075
2500625
2499575
2500350
2499750
2499575
2499275
2501650
2499600
2500600
2499525
2500625
2499600
2499575
2500600
2500350
2499825
2499600
2500325
2499575
2499850
2500375
2500575
2499600
2499600
2500600
2499575
2499575
2499775
2500600
2500625
2499550
2499750
2500650
2499275
2500575
2499800
2500325
2499550
2500625
2500850
2498550
2500650
2500600
2498750
2500650
2499550
2499550
2501825
2499600
2499325
2500600
2498775
2500575
2500600
2500600
2498700
2500650
2499575
2499575
2500800
2499575
2499550
2500575
2500900
2499550
2500600
2499550
2499900
2499300
2500575
2499600
2500850
2499550
2499550
2500575
2500775
2499550
2499550
2500625
2499850
2499300
2500600
2499550
2500750
2499550
2499550
2500600
2499750
2500625
2500575
2498250
2501150
2500600
2499275
2499550
2500875
2499575
2500600
2499550
2499525
2500600
2499550
2500625
2499775
2499575
2500600
2499575
2500825
2499525
2500350
2500600
2499825
2499300
2500600
2499550
2499850
2500625
2500600
2498525
2500875
2499550
2500350
2499575
2499625
2500600
2499550
2500625
2500000
2500600
2499575
2499550
2500900
2499575
2499525
2500325
2500325
2500600
2499600
2500625
2498825
2499300
2501650
2498500
2501925
2498250
2500575
2500600
2498800
2500600
2500600
2499600
2499800
2500625
2500625
2499550
2499850
2499575
2499575
2500600
2500775
2499650
2499625
2499600
2501000
2499550
2500600
2499575
2500575
2500200
2499900
2500150
2498525
2500600
2500625
2499575
2499325
2500150
2501200
2500175
2499575
2499575
2499575
2500350
2500000
2500600
2499300
2500650
2499300
2500600
2499550
2500600
2499925
2499575
2499550
2500600
2500800
2499575
2499550
2500625
2500025
2499550
2500600
2498525
2501900
2499575
2499575
2500650
2499875
2500625
2498525
2500600
2499725
2500600
2499575
2499575
2500875
2500625
2499550
2499575
2500050
2499575
2500625
2499600
2500875
2499625
2500625
2498275
2500875
2500600
2499300
2500625
2499925
2499425
2500600
2499575
2500900
2499550
2500625
2499375
2500850
2499600
2499575
2500625
2499800
2500650
2499575
2499600
2501100
2499625
2499575
2500625
2499650
2500625
2498525
2500350
2500850
2499600
2499550
2500650
2499800
2500650
2499375
2500625
2499400
2500450
2499575
2499575
2500600
2499550
2500650
2499575
2500850
2499600
2499600
2500625
2499800
2500350
2499600
2500600
2498725
2500650
2500600
2499575
2499850
2500650
2499600
2499575
2500825
2498550
2501400
2499575
2499800
2500375
2499575
2500675
2499825
2500625
2499600
2499575
2500925
2499600
2499550
2500625
2499775
2499550
2500375
2499575
2499800
2500350
2500650
2499550
2500800
2499600
2499575
2500625
2499800
2499600
2500450
2499550
2500850
2499575
2499325
2501650
2499675
2499600
2499550
2500650
2499100
2500725
2500700
2498375
2500675
2500650
2499325
2500600
2499825
2499575
2500625
2500600
2499925
2499300
2500625
2499575
2499875
2500650
2499575
2499300
2501100
2499625
2499300
2500600
2500300
2499350
2500600
2499800
2500550
2499575
2500625
2499575
2499525
2500650
2499575
2500625
2498800
2500625
2500625
2499550
2499850
2500650
2499575
2500600
2499825
2500600
2498525
2500625
2499850
2499600
2500625
2499575
2500225
2488100
2513150
2499575
2500350
2499575
2499625
2500550
2499700
2499600
2500650
2500375
2499925
2499600
2499550
2500650
2500950
2498275
2501650
2498550
2499875
2499350
2500600
2500625
2499925
2500650
2499575
2499575
2501050
2499650
2499575
2500675
2499800
2499575
2499575
2500625
2499600
2500675
2499600
2500675
2499775
2500625
2499575
2499300
2500900
2499575
2500625
2499550
2499750
2499575
2500625
2499600
2500875
2499575
2500625
2499575
2499875
2500625
2499550
2499600
2500850
2499625
2499575
2500650
2499825
2499325
2500625
2500650
2499500
2500625
2499600
2499575
2500850
2499575
2500350
2499575
2500800
2499600
2499300
2500625
2500825
2499575
2499575
2499575
2500600
2499575
2499575
2500350
2500850
2499600
2499600
2500650
2499800
2500625
2499575
2498550
2502200
2499600
2499550
2499600
2500350
2500600
2499600
2500650
2499900
2499600
2499575
2500350
2499850
2500400
2499600
2500625
2499750
2499575
2500625
2499575
2499825
2500650
2499625
2499575
2500000
2500650
2499575
2500625
2500875
2498525
2500650
2500650
2498825
2500600
2499600
2500625
2500500
2498575
2500625
2499550
2500900
2499575
2500600
2499600
2499700
2500375
2500600
2499625
2499800
2499575
2500625
2500375
2499700
2499600
2500625
2499600
2500325
2499575
2500625
2499575
2500900
2499575
2499550
2500650
2500575
2498525
2500650
2499350
2499875
2500600
2500625
2499575
2500875
2498575
2500650
2500625
2499875
2500625
2499600
2499575
2499925
2500625
2499575
2499350
2500975
2499625
2499300
2500625
2500875
2498550
2501400
2499575
2499825
2500600
2499650
2499300
2501000
2499550
2499600
2500650
2500175
2499625
2499575
2500625
2499750
2500425
2500625
2499600
2499750
2499675
2500700
2499575
2499925
2500625
2499400
2499300
2500850
2499350
2500625
2499575
2500925
2499575
2500650
2499575
2500075
2499575
2499575
2500625
2500925
2498550
2500600
2500625
2499825
2499575
2500625
2499575
2499750
2500625
2499600
2499575
2500875
2499600
2500625
2499575
2499825
2500650
2499575
2500650
2499950
2499600
2499575
2500625
2499800
2500600
2500650
2498525
2499800
2500625
2499575
2500625
2500325
2499650
2499400
2499625
2501200
2499400
2500700
2499650
2499900
2500650
2499650
2499425
2500475
2500250
2500225
2499150
2500500
2500225
2498975
2500200
2501200
2499900
2499175
2501225
2498500
2501250
2499125
2499950
2500450
2500225
2500025
2500200
2500500
2498950
2500175
2500150
2499475
2499925
2501225
2500200
2499350
2500175
2500200
2500175
2499325
2500175
2499150
2500200
2500550
2500200
2500150
2500225
2499525
2500200
2500175
2499150
2501450
2499150
2499125
2501200
2500375
2499125
2500175
2500225
2500400
2500225
2499150
2500225
2500375
2499175
2500175
2500175
2500375
2500200
2499125
2500200
2500400
2500200
2500200
2499150
2500400
2501025
2500175
2499125
2500275
2500200
2500175
2499150
2500425
2500175
2498875
2501275
2499475
2500975
2499175
2500175
2501050
2498900
2500225
2500150
2499775
2500700
2499650
2499625
2500600
2500175
2499150
2501225
2499275
2499175
2501225
2500175
2499450
2500200
2499125
2501275
2499425
2500200
2500200
2500200
2500425
2499125
2500175
2499150
2500400
2500175
2500150
2499175
2500475
2501225
2500175
2499100
2500400
2500200
2500175
2499150
2500750
2499650
2500425
2499650
2499650
2500200
2500200
2500200
2500500
2499150
2500175
2500225
2499400
2499150
2500950
2500175
2500400
2500200
2499125
2501225
2499375
2500175
2500175
2499175
2500900
2500175
2499150
2500175
2500100
2500200
2499925
2500175
2499600
2499900
2500200
2500175
2500425
2499150
2500200
2500175
2500900
2499625
2499650
2500700
2499450
2500200
2500175
2500175
2499550
2500700
2499650
2499650
2500450
2499175
2500200
2500975
2498950
2500675
2499650
2499625
2501550
2499125
2499925
2500150
2501100
2498575
2500700
2500700
2499125
2499150
2501225
2499925
2499750
2500050
2499825
2500075
2499925
2500650
2499325
2500625
2499175
2500075
2501100
2499050
2500650
2499575
2499600
2500350
2500500
2500100
2499000
2501125
2499975
2499600
2499575
2500625
2500200
2500100
2500050
2499025
2500950
2499575
2499600
2500625
2500400
2499025
2500925
2500075
2499875
2499425
2865800
2134150
2499900
2501100
2500075
2499025
2500900
2499575
2500625
2499600
2500250
2500075
2499025
2500075
2500925
2499600
2500625
2498875
2500725
2499600
2499600
2500375
2500600
2500050
2499800
2500050
2501025
2498575
2500625
2499600
2500875
2499300
2499575
2500650
2499525
2500650
2499550
2499325
2500850
2500625
2499600
2499600
2500900
2499325
2499575
2500625
2499950
2499600
2500600
2499600
2500825
2499575
2500625
2499600
2499975
2499575
2500625
2500625
2499925
2499600
2498525
2501675
2498850
2500650
2499575
2499600
2500900
2500625
2499575
2500650
2499875
2499575
2500650
2499575
2499850
2499575
2499600
2500625
2499775
2500650
2499600
2500375
2499850
2499575
2500625
2499325
2500875
2499600
2500625
2499575
2499825
2500650
2499575
2500625
2499825
2499625
2499575
2500625
2499650
2499600
2500425
2500625
2499800
2499575
2500425
2500625
2499825
2499575
2500600
2499600
2499775
2500650
2500600
2498375
2500675
2499600
2499300
2501675
2498750
2500625
2499600
2500625
2499850
2499575
2500650
2499575
2499850
2500600
2499625
2499575
2501100
2498550
2500625
2500625
2499800
2500650
2499550
2499575
2500850
2500600
2498525
2500675
2500850
2499600
2499575
2499575
2500900
2499575
2499575
2500625
2500200
2499600
2500625
2498550
2500850
2500650
2499600
2499575
2501100
2498575
2500625
2499575
2500900
2499575
2500350
2500625
2498800
2501425
2499625
2499600
2500900
2499600
2499575
2500450
2499925
2500625
2498350
2500650
2500925
2499425
2500675
2499600
2499825
2499375
2500600
2499575
2499775
2500650
2499575
2500425
2500800
2498500
2500425
2500625
2499800
2499550
2500575
2499575
2500625
2499600
2500625
2499550
2499625
2500625
2499550
2500600
2499750
2499575
2500600
2499550
2499825
2500600
2500575
2499575
2499750
2500625
2499550
2499300
2500800
2499575
2500325
2500625
2499800
2499550
2500600
2499575
2500775
2499550
2499550
2499625
2500625
2500625
2499550
2499400
2500775
2500600
2499275
2500625
2499875
2499300
2500575
2499550
2499900
2500600
2500600
2499550
2499800
2500650
2499550
2500600
2499800
2499575
2500325
2499550
2499775
2500325
2500650
2499550
2499150
2501625
2498500
2500575
2499825
2499575
2500600
2500600
2499900
2499600
2499575
2500600
2499850
2500625
2499575
2500625
2499800
2499550
2500650
2499575
2500175
2499550
2500600
2499550
2499925
2500625
2499575
2500600
2498775
2500425
2500625
2499550
2499625
2501675
2498500
2500325
2501075
2499575
2499275
2500600
2499875
2499575
2500600
2499550
2499950
2500600
2499525
2500625
2499950
2499550
2500600
2499550
2500850
2499550
2499550
2499550
2500875
2500600
2498525
2500625
2499800
2500600
2499575
2500600
2499775
2499575
2500650
2499550
2500800
2499575
2499375
2500575
2501000
2499600
2499550
2500600
2499625
2500650
2499550
2499550
2500825
2499575
2499550
2500425
2500850
2499600
2499375
2500600
2499800
2499375
2500600
2499575
2500800
2499550
2499575
2499375
2501900
2499575
2499575
2500600
2499800
2500625
2499375
2499550
2500800
2499525
2500600
2499550
2500775
2499550
2499575
2499375
2500925
2500600
2499575
2499550
2500700
2499375
2500600
2500600
2498575
2500625
2500575
2499575
2499725
2499550
2500600
2500425
2499725
2500600
2499350
2500575
2499825
2499375
2500600
2499525
2500625
2499550
2499550
2500625
2500250
2499550
2499575
2500600
2499800
2500600
2500575
2499575
2499450
2500400
2500625
2499600
2500800
2499550
2499550
2500425
2499775
2499550
2500400
2500600
2499800
2499575
2500400
2499550
2500825
2499550
2499550
2500600
2499800
2499550
2500600
2500600
2499800
2499575
2499375
2500625
2499800
2500450
2499575
2500600
2498875
2500600
2500650
2499550
2499775
2500600
2499575
2499350
2500850
2500625
2499350
2499550
2500800
2499575
2500625
2499525
2499825
2500650
2499550
2499550
2500500
2500650
2499550
2500600
2498400
2501625
2499300
2500625
2500025
2499550
2499550
2500600
2499850
2500600
2499575
2500600
2499850
2499550
2499550
2500450
2500850
2499600
2499375
2500625
2499850
2500625
2498500
2501625
2499850
2499600
2500600
2499550
2499850
2500625
2499550
2499575
2500850
2499350
2500600
2499575
2499875
2499375
2500600
2499525
2500900
2499550
2499575
2500600
2499875
2500650
2499300
2500600
2499850
2500400
2500600
2498500
2500800
2500600
2499550
2499550
2500825
2499550
2499575
2500600
2499800
2499550
2500600
2499575
2500825
2500575
2498500
2500150
2499725
2500625
2500600
2499375
2500650
2500575
2498500
2500625
2499825
2500600
2499375
2500600
2499750
2499625
2500625
2500600
2499675
2499575
2500600
2499350
2500850
2499600
2499350
2500600
2499825
2499575
2500600
2499575
2499725
2500600
2500600
2498550
2500925
2499550
2500625
2499550
2500950
2499550
2500600
2499575
2499775
2499550
2500650
2499550
2500900
2499600
2499550
2500600
2499775
2499550
2500600
2499550
2500850
2499550
2500600
2499550
2500875
2499575
2499550
2499550
2500825
2499575
2500625
2499375
2501025
2498550
2500575
2499400
2500875
2499550
2500650
2500600
2499800
2487050
2513150
2499550
2499600
2499575
2500600
2500625
2499825
2499600
2500625
2499575
2500000
2500625
2499550
2500600
2499000
2500600
2499550
2500600
2499850
2500625
2499575
2499550
2499900
2500600
2499575
2500600
2499800
2499400
2500600
2499600
2500925
2498325
2501650
2499575
2500900
2499575
2499550
2499525
2500875
2499575
2499550
2500600
2499800
2500600
2499550
2499550
2500850
2500600
2498525
2499550
2500575
2500650
2499550
2499275
2502075
2499550
2499375
2500625
2499950
2499350
2500600
2500600
2498950
2500300
2499225
2501325
2498450
2500600
2499600
2500400
2500150
2500600
2499375
2500675
2500875
2498325
2500575
2500625
2499500
2500600
2499550
2500625
2499925
2499550
2500575
2499575
2500900
2499550
2499550
2500625
2499975
2499550
2499550
2500825
2499875
2500600
2499550
2499575
2500850
2499550
2499525
2500625
2500975
2498500
2500600
2499525
2499900
2500625
2499550
2500600
2500875
2499550
2499575
2499550
2500875
2499600
2499550
2500600
2499775
2500625
2499575
2500575
2498725
2500625
2499550
2500625
2499800
2499550
2500600
2499575
2500875
2499550
2500575
2498525
2500850
2500625
2499575
2500575
2499875
2499575
2500575
2499550
2500050
2499550
2500600
2499550
2500200
2499550
2500600
2500600
2499800
2499525
2500625
2499550
2499575
2500625
2500575
2499375
2499775
2499550
2500600
2499575
2500850
2499550
2499550
2500600
2499775
2500625
2499550
2499550
2500600
2500575
2499575
2499375
2500275
2500650
2499550
2500625
2498825
2501225
2499125
2501200
2499350
2500175
2500150
2499125
2500625
2500175
2499100
2500200
2501450
2499125
2500150
2500150
2500100
2499800
2500850
2498725
2500150
2500150
2500150
2500175
2499100
2500850
2500525
2499775
2500050
2499775
2500525
2499800
2500225
2500150
2500150
2500150
2499550
2500150
2500150
2499100
2500550
2500150
2499100
2501200
2500350
2499125
2500175
2500150
2500350
2498900
2501200
2499100
2500400
2500175
2500150
2498900
2501375
2499125
2500150
2500125
2499325
2501000
2500150
2499100
2500425
2500150
2500175
2500150
2499150
2501200
2499125
2500150
2500475
2500175
2499100
2501200
2499325
2500175
2500175
2500175
2499150
2501225
2499125
2500225
2500350
2500150
2500150
2498925
2500900
2500075
2499000
2501075
2499950
2499550
2499575
2500600
2499825
2499550
2500575
2499575
2500900
2499575
2499575
2500625
2500525
2499550
2500600
2499550
2499900
2499550
2500600
2499550
2499850
2500575
2500600
2499375
2500750
2499575
2500375
2499550
2500725
2500025
2499225
2500325
2499425
2500625
2499550
2500600
2499850
2499550
2499550
2501650
2499725
2499275
2500275
2500275
2499825
2500575
2499575
2499525
2500050
2500650
2499600
2499550
2500850
2500600
2498550
2500575
2500875
2499575
2499375
2500575
2499925
2499400
2500600
2500600
2498750
2500625
2500575
2499550
2500900
2499550
2499550
2500600
2499825
2500600
2499550
2499575
2499700
2500600
2500600
2498550
2500850
2500600
2498550
2500425
2501000
2499525
2499375
2500575
2500950
2499425
2499550
2500625
2499725
2499350
2500675
2499550
2500575
2499550
2499550
2500325
2500800
2499550
2500375
2500575
2498875
2500350
2500625
2499550
2500750
2499550
2499575
2499550
2500925
2500600
2498475
2500600
2500850
2499550
2499525
2500625
2499825
2499375
2500575
2500575
2498550
2501675
2498500
2500425
2500900
2489200
2510950
2499650
2500850
2499600
2499625
2500650
2498900
2499650
2500425
2500625
2499700
2500675
2499600
2499400
2499850
2500700
2499625
2500650
2499800
2499600
2500650
2499625
2499825
2500450
2499625
2500675
2498800
2501700
2498575
2500450
2500950
2499625
2499400
2500650
2499825
2499375
2500675
2500025
2499975
2500650
2499625
2499600
2499975
2499575
2499575
2500625
2501000
2499575
2499575
2500650
2499825
2499400
2500625
2500625
2498650
2500650
2500625
2499550
2499850
2500650
2499575
2499400
2500900
2499600
2499400
2499575
2500900
2499300
2500600
2499600
2500675
2500725
2499675
2499400
2500450
2500625
2499550
2499600
2499825
2500375
2499675
2500650
2500075
2499400
2499600
2500625
2499675
2500625
2500600
2499575
2499775
2500625
2499600
2499600
2500900
2499375
2499600
2501650
2498550
2500625
2500600
2498550
2500875
2500600
2499625
2499650
2500850
2499600
2499375
2500600
2498700
2501675
2499300
2500650
2499500
2500600
2499625
2499575
2500925
2499600
2499575
2500700
2499850
2499600
2500650
2499575
2500875
2499600
2499625
2500625
2499875
2500625
2499575
2499600
2500850
2498525
2500625
2500600
2499775
2500600
2499600
2499575
2500875
2499600
2499575
2500625
2500000
2499575
2500625
2499600
2499850
2500625
2499600
2500700
2499775
2499375
2499575
2500625
2500000
2499400
2500625
2499575
2500800
2499575
2499575
2500625
2500875
2499575
2498525
2501675
2499350
2499425
2500600
2500625
2498725
2501675
2499600
2499575
2499600
2500625
2499600
2499400
2500825
2500625
2499600
2500625
2499825
2499650
2500625
2499575
2498725
2499575
2501650
2499600
2500850
2499600
2499375
2500625
2499775
2500625
2499575
2499575
2500800
2499575
2499575
2500625
2499800
2500625
2499575
2499400
2500925
2499625
2499550
2500650
2500875
2499375
2500625
2499600
2499800
2499425
2500625
2499575
2500875
2499575
2499600
2499550
2500800
2500600
2498350
2805475
2196025
2500450
2499600
2499575
2499800
2500625
2499575
2500625
2499800
2500625
2498550
2501500
2499800
2499575
2500625
2499575
2499800
2500700
2499625
2500600
2499900
2499600
2500650
2498350
2501900
2498525
2500650
2499375
2500850
2500625
2499600
2498525
2501850
2498350
2501650
2499600
2499825
2500675
2499575
2499550
2501050
2499575
2499400
2499600
2500525
2499650
2499325
2501700
2499450
2499325
2500725
2499575
2499950
2501700
2499575
2498500
2501900
2499600
2499575
2499575
2500875
2498325
2501650
2499600
2499625
2500625
2499600
2500625
2500075
2499625
2499575
2501675
2499825
2498525
2500650
2500625
2499800
2499400
2500600
2499575
2500700
2499575
2499550
2500650
2500050
2499575
2499600
2500425
2499900
2500650
2499375
2500625
2500850
2498550
2500600
2499600
2499900
2499350
2501675
2499350
2500875
2499600
2499575
2500625
2499850
2499575
2500625
2499600
2499825
2499575
2500650
2499550
2499775
2500650
2500625
2499575
2500875
2498525
2500625
2500625
2499775
2499400
2500600
2499575
2499875
2500425
2500625
2499600
2499800
2500625
2499550
2499425
2500875
2499600
2499400
2499600
2500875
2499550
2499600
2501650
2498800
2500625
2499600
2500425
2500775
2499625
2499575
2499400
2500850
2499575
2499400
2501650
2499750
2499400
2500650
2499575
2499900
2500625
2500625
2498350
2500875
2500600
2499400
2500650
2499600
2500625
2499575
2499575
2500850
2499575
2499575
2500625
2499850
2499575
2499550
2500450
2500825
2499600
2499375
2500600
2499800
2499550
2500700
2499550
2500825
2499575
2499575
2500625
2500050
2499600
2499575
2500650
2500850
2499600
2499425
2500625
2499850
2500650
2499600
2498775
2500825
2500625
2499575
2500625
2499850
2500625
2498525
2499650
2501025
2499575
2500450
2500625
2499825
2499600
2500625
2498750
2499725
2501650
2499625
2499400
2500775
2499625
2500625
2499575
2499850
2499625
2500625
2499575
2500875
2498550
2501650
2498525
2500800
2499600
2499625
2500625
2500100
2499575
2500425
2500625
2499725
2500700
2499575
2499575
2500825
2498325
2500625
2500650
2499525
2499575
2500600
2499600
2500100
2500625
2499350
2500625
2500950
2499400
2499575
2499600
2500875
2499575
2500675
2499550
2499875
2499575
2500650
2499575
2500925
2499600
2499375
2500625
2499825
2499575
2500600
2499600
2500850
2499575
2500675
2498325
2501875
2498600
2500650
2499550
2500900
2499575
2500450
2499575
2500850
2499675
2499675
2500650
2499725
2499600
2500625
2499600
2499800
2499600
2501650
2498550
2500000
2500650
2499400
2500650
2499850
2500700
2499600
2499575
2500600
2500650
2499550
2498325
2501925
2498550
2500350
2500650
2499825
2499375
2500650
2500275
2500100
2499425
2499575
2500625
2499450
2500675
2500650
2499575
2499925
2500600
2499600
2499575
2500825
2499575
2500625
2499600
2499850
2499600
2500650
2499400
2500850
2499600
2500650
2499375
2500375
2499550
2500650
2499600
2500775
2498550
2500625
2500650
2498700
2500600
2500650
2498600
2500875
2500600
2499400
2500625
2499850
2499575
2500625
2499600
2499975
2500625
2498525
2501675
2499800
2499600
2499575
2500425
2500900
2499575
2499375
2499575
2500900
2499575
2500625
2499575
2500950
2499375
2499575
2500650
2499025
2499575
2500625
2499400
2501975
2499600
2500625
2499575
2499900
2500600
2499575
2499575
2500850
2499575
2499600
2500625
2499725
2499600
2500600
2498350
2501100
2500600
2499375
2499600
2500850
2499575
2500625
2499600
2500850
2499575
2500625
2499600
2500000
2500625
2499575
2498350
2502100
2498550
2500450
2500625
2499825
2499600
2500650
2499600
2500825
2499575
2499575
2499375
2500825
2499600
2500425
2500650
2499850
2498375
2501675
2499550
2499875
2499400
2500625
2500650
2498525
2501675
2499600
2499550
2499850
2500650
2499400
2499550
2500150
2500650
2500625
2499575
2500300
2499575
2499600
2500625
2499675
2500675
2500600
2498525
2500975
2499650
2500650
2499550
2500875
2499575
2500625
2499575
2500100
2499600
2499575
2499400
2500125
2500625
2499575
2500450
2500900
2499600
2499375
2499575
2500850
2500625
2498525
2500625
2499625
2500625
2499575
2499400
2502150
2498550
2499375
2501650
2498900
2500675
2500425
2498525
2501900
2499600
2499575
2499575
2499675
2500650
2500625
2499400
2499825
2500625
2499375
2499600
2500850
2500625
2499575
2500625
2499800
2499575
2500625
2499550
2499650
2500650
2499575
2499925
2500900
2499575
2499575
2499600
2501075
2499400
2500625
2499575
2499650
2500650
2499600
2499400
2501325
2499575
2499575
2500450
2501175
2498525
2499600
2500625
2499875
2500650
2499575
2499575
2500900
2499625
2500625
2499400
2500850
2499650
2499375
2499575
2501000
2500600
2499375
2499575
2500875
2499425
2500625
2499600
2499800
2499575
2501650
2499600
2499800
2499575
2499400
2500600
2500000
2499400
2500650
2500600
2499875
2499400
2500650
2499575
2499500
2501650
2499575
2499400
2500875
2499575
2499375
2500600
2499850
2499600
2500675
2499550
2500625
2500625
2499600
2498525
2500650
2500625
2499575
2499400
2501025
2499575
2500475
2499575
2500875
2499425
2500625
2499575
2499875
2500650
2499575
2499650
2500850
2499575
2499550
2500650
2499775
2500625
2499650
2499550
2500800
2499650
2499575
2500625
2499650
2499575
2500650
2499400
2500825
2499575
2499400
2500625
2500875
2499575
2499600
2500625
2498950
2499575
2501700
2499575
2499775
2500625
2499600
2499600
2499775
2500650
2499425
2500625
2500750
2499600
2500625
2499575
2498550
2918225
2085100
2497500
2499650
2501300
2499225
2500250
2500025
2499200
2501025
2499150
2500050
2500225
2500250
2500225
2500125
2500225
2499200
2500225
2500450
2500225
2499150
2499975
2501425
2499150
2499975
2500200
2499525
2500025
2500225
2500225
2500275
2500200
2500225
2499175
2500475
2499175
2501250
2499175
2500675
2499150
2499975
2501250
2499550
2499925
2500250
2500200
2499200
2500250
2500175
2499975
2500425
2500225
2498925
2500200
2500900
2499150
2501250
2499175
2500250
2500200
2500225
2499125
2500475
2500225
2499125
2499950
2500400
2500200
2499150
2501250
2500375
2499175
2500200
2500200
2498800
2501250
2500225
2499150
2500875
2499200
2500225
2499975
2500500
2500225
2500225
2500200
2499375
2498900
2501275
2499150
2500825
2500075
2500075
2499000
2500375
2500050
2499875
2501075
2500650
2499025
2498850
2501100
2500225
2498825
2501100
2500025
2499025
2501075
2500050
2499875
2500250
2500050
2499875
2500025
2500300
2499000
2501100
2500050
2500200
2500075
2499000
2500100
2500150
2500025
2500100
2499875
2500275
2499025
2501075
2500050
2500225
2500050
2498975
2501150
2499025
2501100
2500025
2499000
2500325
2500025
2500050
2499850
2500900
2499100
2499750
2501100
2500300
2498850
2501100
2500025
2500325
2499025
2501075
2498825
2500225
2500050
2499925
2500050
2500275
2500050
2499875
2500075
2500250
2499025
2501075
2500050
2499025
2501125
2500050
2498825
2500250
2500050
2501075
2499000
2501325
2499025
2500100
2500000
2500025
2499550
2500600
2499550
2500250
2500600
2499575
2500425
2499850
2500600
2499375
2500600
2499775
2499400
2500600
2500575
2499800
2500625
2499575
2499550
2499600
2499600
2501650
2499550
2499750
2499550
2500625
2499550
2500075
2500050
2500025
2500075
2499850
2500050
2501125
2498800
2500575
2499000
2501100
2500125
2499250
2501125
2498825
2501075
2500500
2499000
2500025
2500050
2500325
2500075
2500075
2498825
2500300
2501100
2499850
2500050
2500250
2499000
2501100
2500075
2499200
2501100
2500050
2498975
2500200
2500075
2499000
2499875
2501475
2499100
2500100
2500100
2500400
2500025
2500050
2499025
2500425
2501100
2500075
2500050
2500300
2498975
2501100
2499025
2500300
2500050
2500050
2500050
2500225
2500050
2499275
2500050
2501350
2499000
2500025
2500050
2500200
2500025
2500050
2498800
2501275
2500025
2499000
2501100
2499225
2499875
2501075
2500025
2499350
2499875
2501100
2498900
2500225
2500050
2499875
2500075
2501300
2499000
2499875
2500075
2500275
2500075
2500050
2500050
2499050
2501075
2500025
2499875
2500225
2500075
2500025
2500075
2499975
2500025
2500075
2500025
2499350
2499900
2499000
2501125
2500100
2500050
2500050
2500150
2500250
2500050
2498825
2501075
2500250
2500100
2500050
2500025
2499125
2501100
2500050
2499875
2500250
2500075
2499000
2499925
2501275
2499000
2498875
2501075
2500275
2498850
2501075
2500075
2500250
2500075
2499000
2499875
2501475
2500075
2498800
2501100
2500275
2499000
2499850
2501125
2499325
2499925
2501125
2499000
2499375
2501075
2499000
2500125
2501275
2499025
2500100
2501075
2499250
2499875
2501075
2499000
2500250
2499875
2501100
2499000
2499075
2501075
2500075
2500050
2500225
2500050
2498800
2501075
2500250
2499075
2501100
2500025
2500275
2499025
2500100
2501075
2499100
2500075
2500050
2499875
2500425
2500050
2500100
2500050
2500275
2498800
2501125
2500075
2499025
2501075
2499000
2499875
2501550
2498525
2499350
2501625
2500200
2499625
2499600
2500625
2499825
2499650
2500600
2499550
2499600
2500625
2500600
2499350
2500850
2499600
2499375
2500625
2499775
2499525
2500600
2499550
2500825
2499375
2499600
2500625
2500025
2500625
2499575
2499350
2500850
2500625
2498300
2500600
2500800
2499375
2499550
2501650
2498825
2499575
2499550
2500600
2499650
2500600
2500600
2499575
2500875
2499550
2499375
2500625
2499800
2499375
2501675
2499525
2499725
2500600
2499550
2500600
2499750
2499525
2500625
2499550
2500750
2499550
2500575
2499575
2499800
2500600
2499550
2499550
2499875
2500600
2500575
2498600
2500550
2500600
2499375
2500600
2499725
2500650
2499375
2500575
2498725
2500575
2500625
2499550
2500650
2499575
2500600
2499550
2499775
2500625
2499650
2499575
2500800
2499550
2500575
2499550
2499800
2499550
2500625
2499600
2500200
2500625
2499525
2499350
2501900
2499525
2499600
2500575
2499375
2499650
2499575
2500600
2500525
2500050
2500050
2499050
2501175
2499575
2499550
2500650
2499550
2500600
2499525
2500600
2499800
2499375
2500600
2499575
2500825
2499600
2500600
2499375
2500800
2499575
2499625
2500600
2499825
2499550
2500425
2499550
2499775
2500425
2500625
2499575
2499775
2499550
2500600
2499375
2500775
2499575
2499375
2501625
2499900
2499575
2499550
2500600
2499800
2499375
2501675
2499550
2499600
2500650
2499550
2500600
2499800
2499550
2500600
2499600
2499750
2499425
2501625
2498500
2500125
2499575
2500600
2499550
2500425
2500150
2500100
2501100
2499100
2499550
2501650
2499550
2500300
2499125
2500050
2500050
2500900
2499550
2499550
2500600
2500075
2499000
2501150
2500050
2499925
2499575
2499375
2500575
2500150
2499575
2499575
2500600
2500425
2500050
2500050
2498800
2500975
2500600
2499550
2499575
2500450
2499875
2500050
2501075
2498900
2499375
2501675
2499550
2500175
2500025
2500025
2499875
2499825
2499550
2499400
2501625
2500225
2499075
2501100
2499025
2499700
2500625
2500600
2499550
2498925
2501100
2500025
2499075
2500800
2500625
2499350
2500600
2499075
2499875
2501075
2499025
2500900
2498525
2500600
2500400
2501275
2499000
2500050
2499875
2499925
2500600
2499525
2499575
2501150
2499025
2500025
2500025
2499750
2500600
2500625
2498600
2501150
2500050
2499075
2501100
2500000
2499550
2499400
2500850
2499975
2498850
2501100
2500025
2500650
2500050
2500025
2499000
2500500
2500050
2499050
2501100
2500300
2499025
2500900
2499025
2501500
2500050
2500050
2498975
2500275
2500075
2500050
2498825
2501400
2500050
2500050
2500075
2500250
2500025
2500075
2498975
2500350
2500050
2500050
2500150
2500200
2500050
2500050
2487600
2511700
2501125
2498975
2501100
2500300
2499100
2499475
2500075
2500350
2500050
2501100
2499000
2499300
2500050
2501150
2500050
2499275
2501075
2498850
2501100
2499225
2499850
2501100
2499025
2500375
2500050
2500050
2500075
2499275
2500050
2501075
2499025
2501325
2498800
2501100
2500050
2499275
2499900
2501100
2499025
2500225
2500025
2500050
2498825
2501625
2500050
2498825
2501075
2499550
2500050
2500100
2500050
2500250
2499000
2501100
2500075
2500225
2499000
2500075
2499000
2502350
2497975
2499850
2803650
2198800
2498075
2501075
2500050
2500325
2500025
2500025
2499100
2500475
2500050
2500050
2500050
2500250
2500075
2498800
2501075
2500300
2498850
2501075
2500050
2499225
2501100
2499000
2500050
2500625
2498600
2500450
2500625
2500525
2498350
2500675
2500600
2499950
2499425
2500600
2500575
2499575
2500600
2499550
2500600
2499800
2499625
2500400
2498525
2500825
2500625
2499550
2499550
2501150
2498525
2501650
2499550
2499950
2500600
2499575
2499550
2500750
2499575
2499550
2500600
2499800
2500600
2500625
2499525
2499625
2500600
2499550
2499350
2500825
2499600
2499550
2500625
2499875
2499550
2500650
2499575
2500825
2499350
2500600
2499575
2499650
2500625
2499550
2500700
2499975
2499575
2500625
2499575
2499800
2500625
2499400
2500625
2499900
2499375
2500625
2499575
2500875
2499400
2500650
2499400
2499875
2500700
2498650
2500650
2500950
2499575
2499575
2500625
2499800
2499575
2500625
2499575
2499700
2500650
2500625
2498325
2500850
2500625
2499400
2500625
2499825
2499375
2500625
2499575
2499875
2500650
2500650
2498525
2500925
2499575
2500625
2499400
2500850
2499650
2499550
2500625
2499850
2499600
2500625
2499575
2500875
2499575
2499575
2499375
2500850
2499575
2500650
2499575
2500875
2499575
2499400
2500600
2499750
2499400
2501675
2499575
2499775
2499425
2500625
2499400
2500900
2499600
2499650
2499600
2501900
2498600
2500650
2499575
2501025
2499425
2500625
2499600
2499850
2500625
2499575
2499400
2500825
2499625
2499650
2500625
2499825
2499375
2500625
2499575
2499650
2500625
2500600
2499675
2499750
2500600
2499600
2499400
2500875
2499600
2500425
2499575
2499800
2499375
2501675
2499600
2500825
2499625
2498550
2500600
2500750
2499625
2500450
2499575
2500850
2499600
2500600
2499575
2499825
2499550
2500625
2499600
2499650
2499600
2501675
2499600
2499750
2500650
2499375
2499575
2500850
2499375
2500625
2499600
2499825
2499400
2500700
2500625
2499525
2500675
2499675
2499575
2500975
2499575
2500625
2499575
2499900
2500625
2499550
2499575
2500900
2499575
2499600
2499575
2500900
2498575
2501650
2499625
2499250
2500625
2500600
2498550
2500900
2500625
2499600
2500650
2499900
2499600
2500675
2498350
2501850
2498550
2499575
2500625
2499825
2500750
2499375
2500625
2499575
2499725
2500625
2499600
2500100
2500625
2499575
2500625
2499700
2499625
2500625
2500625
2498850
2500425
2499575
2500625
2499900
2499625
2500625
2499575
2499825
2500650
2499575
2500625
2500100
2500625
2499575
2499600
2499900
2499675
2500625
2499575
2499625
2489750
2510575
2500050
2500475
2500050
2499025
2501125
2500375
2499025
2499925
2501150
2499300
2500100
2500075
2500050
2499125
2501150
2499025
2500950
2500300
2499025
2500100
2500125
2500350
2500100
2499875
2500075
2500350
2498850
2501100
2500050
2500100
2498550
2500650
2500650
2499425
2499575
2500425
2501150
2500425
2499050
2499100
2501100
2500325
2498850
2909050
2092125
2499300
2500075
2499025
2499900
2501350
2500050
2499100
2501100
2500300
2499125
2501100
2500075
2499275
2499900
2500125
2499050
2500150
2501125
2500075
2499075
2501325
2499025
2501150
2500050
2499225
2500150
2500075
2499025
2500325
2501100
2499000
2500100
2501325
2499050
2501100
2499050
2499275
2501100
2499900
2499000
2501375
2499025
2500075
2500100
2500100
2501125
2500050
2498075
2501375
2500075
2498825
2500075
2500300
2501125
2499075
2501150
2499400
2499925
2500075
2500075
2500500
2499025
2501125
2499025
2501375
2499050
2499875
2501125
2499350
2498825
2501150
2500050
2500250
2498825
2501125
2500050
2499075
2501100
2499025
2500925
2499925
2499700
2500425
2499650
2500125
2499300
2499675
2501675
2500000
2499600
2499600
2500625
2500125
2499600
2500600
2499400
2500900
2499600
2498350
2501675
2499875
2499650
2500625
2499600
2499600
2500625
2499575
2499575
2500950
2499575
2500600
2499600
2500875
2498550
2500425
2500650
2499775
2500425
2499600
2500625
2499675
2499650
2499650
2500425
2499900
2499600
2500625
2499575
2500900
2499600
2500425
2499550
2500925
2499575
2500650
2499575
2498675
2500650
2499550
2500475
2500900
2498550
2500600
2500625
2499925
2499625
2500625
2499550
2499950
2499600
2500625
2499575
2499625
2501675
2499550
2498350
2501950
2499600
2499575
2500625
2500000
2499400
2499600
2500625
2499625
2500625
2500625
2499600
2499850
2500625
2499575
2498600
2501050
2500625
2499675
2499575
2500875
2499650
2500625
2498525
2500725
2500650
2498550
2500450
2500825
2500625
2498550
2500625
2500300
2499600
2500700
2499600
2499850
2499675
2500625
2499575
2500875
2499600
2499575
2499400
2500775
2499600
2500650
2500250
2499825
2499400
2500600
2499600
2500900
2499600
2500625
2498550
2500850
2499575
2500650
2499400
2500875
2498550
2500450
2500650
2500875
2499600
2499600
2499600
2500825
2499600
2500625
2499575
2500925
2499625
2499600
2500475
2499825
2499550
2500450
2499575
2499800
2499650
2500650
2499575
2499950
2500625
2499600
2500625
2500050
2499575
2500625
2499575
2500600
2499575
2499675
2500625
2498800
2501675
2499625
2499575
2499900
2500600
2499600
2500625
2499800
2499575
2500725
2499550
2499950
2500675
2499575
2499575
2500975
2499650
2499575
2500625
2499400
2500075
2500050
2500150
2499500
2501100
2499025
2500050
2501350
2499025
2500050
2500050
2499475
2500725
2499650
2500625
2499975
2498600
2500675
2500700
2499900
2499575
2500675
2499575
2499875
2499600
2500625
2500600
2498875
2500625
2500625
2499375
2500875
2498550
2501650
2498375
2500875
2500600
2499600
2499575
2499825
2500700
2500600
2499575
2499725
2500650
2500650
2498525
2500875
2499600
2499575
2500600
2500850
2498600
2499675
2500600
2500925
2498600
2500625
2499575
2499875
2500600
2500650
2498600
2501950
2499600
2498600
2500625
2500925
2498650
2500425
2500650
2499600
2500625
2499575
2499600
2500825
2499600
2500625
2499650
2499850
2499600
2500625
2499600
2500000
2499600
2500625
2500625
2499800
2499550
2500650
2499600
2499825
2499575
2500650
2499675
2500825
2499600
2499575
2500675
2499800
2499675
2500625
2499575
2500875
2499575
2499575
2499650
2501025
2499625
2500625
2499575
2499825
2500625
2499600
2498525
2501925
2499600
2499575
2500625
2499775
2500625
2499625
2499575
2500800
2499575
2499400
2500625
2499825
2499425
2501675
2499575
2499800
2499575
2500625
2499600
2499875
2500625
2499575
2499625
2500750
2499575
2499650
2500625
2499875
2500700
2499575
2499600
2499625
2500625
2500650
2498375
2501825
2499575
2500650
2498350
2500875
2499575
2499375
2500650
2499600
2500450
2500650
2499575
2499750
2499575
2500650
2499375
2500925
2500650
2499650
2499575
2500925
2500175
2499100
2500225
2500425
2499200
2500175
2500225
2500500
2499125
2500200
2500250
2500425
2499150
2500225
2500175
2500425
2499175
2500225
2499125
2502125
2498925
2500225
2499150
2500575
2501225
2499125
2499975
2500400
2499200
2499975
2500175
2500525
2500175
2500200
2500150
2499500
2500200
2500200
2500175
2500475
2499200
2499150
2501225
2499375
2500150
2499100
2501100
2499475
2499875
2501100
2499025
2501200
2500100
2500075
2498050
2501325
2500075
2500100
2500050
2500300
2499025
2501175
2499050
2500375
2499900
2500075
2500075
2499100
2501125
2500050
2500150
2500325
2500100
2500075
2499050
2500250
2499900
2500075
2499025
2500325
2500850
2500125
2500050
2499425
2500100
2501100
2498875
2501375
2497975
2499875
2501125
2500250
2500150
2500100
2500050
2499275
2500050
2501100
2500075
2499300
2499050
2502150
2499100
2499275
2501125
2499125
2500125
2500250
2500150
2500050
2500050
2500350
2500050
2500050
2499150
2500875
2500150
2499125
2500150
2501000
2499050
2501125
2499550
2500425
2499050
2500100
2500050
2500550
2500075
2500075
2498850
2500350
2500100
2499875
2500100
2500325
2500075
2500075
2499000
2500525
2500075
2500050
2501100
2498525
2501100
2500050
2500075
2499600
2500050
2500150
2500050
2499500
2501175
2499075
2500050
2500350
2500100
2500025
2500075
2500325
2499000
2501100
2499075
2500300
2499000
2501200
2500300
2500375
2500125
2499050
2500050
2500400
2500025
2500075
2499000
2501525
2498975
2500050
2500150
2499275
2501150
2500025
2500075
2500250
2498850
2501075
2499025
2500400
2500125
2500125
2499100
2501350
2500075
2500050
2500050
2500275
2499025
2500125
2500025
2500925
2499100
2499850
2500025
2500300
2500050
2501100
2498875
2500350
2499025
2501100
2500050
2500375
2499025
2501125
2499000
2501225
2498825
2499000
2501125
2499525
2500050
2500025
2499875
2501475
2500050
2498800
2500075
2499775
2500050
2501100
2499025
2500000
2501075
2499000
2500050
2500925
2500025
2500050
2500050
2500425
2499000
2501075
2499050
2499925
2500050
2501075
2499025
2499550
2500225
2500200
2500150
2500875
2499125
2500150
2499950
2500000
2500150
2500225
2500175
2500550
2498100
2501225
2500175
2499975
2500175
2500150
2500150
2499450
2500150
2500225
2500150
2499775
2500200
2500225
2500175
2499900
2498300
2500600
2500600
2499225
2500600
2500625
2499575
2499725
2500650
2499625
2500600
2499875
2499550
2500600
2499575
2499625
2500625
2500575
2498500
2500675
2499575
2500575
2499625
2500850
2500600
2499550
2499550
2500900
2499550
2499550
2500600
2499900
2499550
2500600
2499375
2500625
2499650
2499650
2500600
2499775
2499575
2500400
2500600
2499825
2499550
2499550
2500600
2499625
2500625
2499575
2499425
2500850
2500600
2499625
2499550
2500825
2500575
2498600
2500650
2499825
2499350
2500600
2499550
2500625
2500625
2499550
2499375
2501050
2499550
2500400
2500575
2499825
2498325
2500700
2500600
2499825
2499375
2501675
2499550
2500000
2499575
2500625
2499650
2499700
2500600
2499350
2499525
2500925
2499625
2500600
2500600
2498850
2499400
2500625
2500625
2499825
2499575
2500600
2499350
2500825
2499575
2500425
2499550
2500850
2499350
2500600
2499550
2499175
2500625
2500600
2499625
2499900
2500600
2499575
2499550
2500900
2499550
2500675
2499575
2499825
2500600
2499550
2500575
2498550
2500575
2500625
2499375
2500800
2500600
2499575
2499525
2500825
2498600
2500625
2499550
2501025
2499400
2500600
2498550
2500675
2500675
2499550
2499525
2501850
2498600
2500425
2499550
2499850
2500375
2500625
2499575
2499800
2500600
2499550
2499575
2500900
2499575
2500625
2499650
2499825
2500625
2499650
2499525
2500800
2499625
2500575
2498525
2500925
2499550
2500625
2499600
2499825
2500575
2500650
2498600
2500125
2500175
2499850
2501100
2499475
2500125
2500125
2500050
2500300
2500050
2500075
2499075
2501375
2500050
2500050
2499000
2500350
2499875
2500050
2500025
2500325
2499875
2500025
2500025
2500375
2499025
2500025
2501075
2499925
2500050
2499075
2501075
2499350
2500125
2501100
2499000
2500250
2500050
2500050
2500050
2500375
2499100
2500150
2499900
2500350
2500075
2498850
2501075
2500025
2499875
2500075
2500050
2500025
2500025
2500050
2498825
2501375
2499000
2501125
2500025
2500325
2499550
2499375
2500600
2500950
2498350
2501675
2499575
2498975
2501125
2500050
2500075
2500325
2500050
2499100
2500050
2500500
2500150
2499100
2501100
2499375
2500100
2500050
2500050
2499100
2501100
2499000
2500900
2499275
2501100
2500050
2500025
2500275
2498825
2501100
2499000
2500275
2500050
2500050
2500050
2500125
2500050
2500075
2500100
2500300
2500025
2498825
2500025
2501300
2498825
2501100
2500050
2499350
2500025
2500050
2500075
2500225
2499100
2500100
2501075
2499350
2500075
2500025
2501075
2499375
2500150
2500025
2499025
2501425
2500050
2500050
2500025
2500300
2499000
2499875
2500075
2500300
2500050
2499875
2500075
2500300
2498850
2500050
2501100
2500500
2499025
2500125
2500025
2500225
2500050
2499875
2501125
2499450
2499025
2501100
2500075
2499300
2498825
2803675
2198550
2500075
2500050
2500025
2500075
2499275
2500100
2500050
2500050
2500250
2499075
2501075
2500050
2500600
2500075
2499025
2500050
2500500
2500025
2500050
2500025
2500350
2499000
2499900
2500550
2500400
2499875
2498975
2501125
2500375
2498525
2500600
2500675
2499800
2500575
2498500
2500775
2499800
2500600
2499600
2500650
2499750
2499600
2500600
2499575
2500250
2500150
2500150
2499125
2500675
2500250
2499150
2501200
2499375
2500225
2500175
2500150
2498525
2501200
2500150
2500175
2499375
2500150
2500150
2499950
2500375
2500175
2498900
2501200
2499500
2500175
2500150
2500150
2499475
2500150
2500200
2499100
2501525
2499125
2500150
2499200
2501500
2499125
2499975
2500175
2499300
2499975
2501275
2500175
2500450
2499100
2500175
2500150
2499400
2500175
2500150
2500175
2500450
2500150
2499150
2500150
2500400
2499125
2501200
2499125
2500425
2500175
2500150
2499100
2501400
2499125
2500175
2500150
2500425
2500150
2499200
2500150
2499325
2500200
2500150
2500150
2500600
2500175
2500150
2499100
2501400
2499125
2500225
2500175
2500350
2498075
2501200
2500150
2499325
2501250
2500150
2499100
2500400
2500200
2500175
2499200
2500375
2500150
2500225
2500150
2499300
2499950
2500150
2500150
2500150
2500175
2500150
2500150
2500350
2499150
2500200
2500200
2500425
2499125
2500250
2500150
2500350
2500200
2500150
2499125
2500375
2500175
2500150
2499200
2501375
2499125
2500200
2500150
2499375
2500150
2500200
2499100
2500725
2500225
2500200
2500150
2499450
2500150
2500150
2500150
2499075
2501200
2500000
2500150
2500375
2498125
2501200
2500175
2500325
2499175
2500175
2500175
2500400
2500150
2500150
2499100
2500600
2500175
2500175
2499075
2500350
2500200
2500200
2500150
2500400
2499150
2500150
2500175
2500400
2499100
2501200
2499125
2500525
2500150
2500150
2500150
2499400
2500175
2500175
2499075
2500375
2500150
2500200
2499100
2501425
2499125
2500200
2500200
2500400
2499100
2500150
2500175
2500375
2500150
2500175
2499125
2500475
2500175
2500175
2499125
2501400
2499100
2500175
2500175
2499950
2500225
2500150
2499125
2500650
2499175
2500200
2501225
2499500
2500150
2499100
2501250
2499375
2500175
2500150
2500150
2500400
2500200
2500150
2499100
2500400
2500150
2500150
2500150
2499400
2500150
2500150
2500150
2500550
2499125
2500200
2500150
2499400
2500225
2500175
2499100
2501575
2500175
2499100
2500150
2499400
2500200
2500175
2500150
2499400
2500200
2501200
2499100
2500375
2498950
2501200
2500150
2499175
2500150
2500175
2500150
2499400
2500150
2499950
2501200
2499350
2500150
2500250
2499950
2500375
2498900
2501200
2499100
2500650
2500150
2500150
2499175
2500350
2500175
2500175
2500150
2499300
2500200
2500150
2500175
2499500
2500150
2500150
2500175
2499375
2500150
2500150
2500200
2500350
2500150
2500175
2499125
2501400
2499100
2500200
2500150
2499400
2500150
2500150
2500150
2500400
2500175
2500150
2499175
2500375
2499125
2501225
2499125
2500400
2500200
2500175
2500150
2499375
2500175
2500150
2500225
2500350
2500200
2499125
2500150
2500775
2500150
2499150
2500150
2500050
2500225
2500200
2499100
2501425
2500175
2498075
2501275
2499875
2499100
2501200
2500150
2499300
2500200
2500150
2500150
2499525
2501200
2499125
2500150
2500475
2499125
2501200
2499150
2500400
2499150
2501275
2499150
2500375
2500250
2500200
2499125
2501400
2499125
2500200
2500175
2499325
2500200
2500200
2500200
2500175
2500200
2500175
2499200
2500500
2500200
2499150
2500200
2500175
2500175
2500200
2498900
2501425
2500175
2499150
2500150
2500400
2500175
2500200
2499125
2500475
2500225
2500175
2499125
2500450
2500175
2499150
2500225
2500425
2500175
2500200
2500200
2499350
2500200
2500200
2500200
2500350
2500175
2499200
2500175
2499550
2500250
2500275
2500225
2499675
2500250
2499200
2500225
2500525
2500225
2500200
2500275
2499400
2499175
2501300
2499225
2499425
2500250
2501275
2499225
2500525
2500225
2500250
2499175
2500450
2500225
2499200
2500225
2500475
2500200
2499225
2500250
2500625
2499200
2500225
2500225
2500650
2499175
2500200
2500225
2500425
2499225
2499200
2501300
2499375
2499150
2501300
2498950
2501550
2500250
2499200
2500225
2500500
2499200
2500225
2500225
2500425
2499225
2500225
2500225
2500450
2500225
2499200
2500225
2500400
2499225
2500225
2500225
2500650
2499200
2500250
2500225
2500425
2499200
2500250
2500225
2500625
2498150
2501300
2499200
2500450
2500200
2499200
2499975
2500350
2500200
2500075
2500050
2488250
2512100
2499575
2499425
2500925
2499575
2500650
2499400
2500875
2499575
2499575
2500625
2500875
2498550
2501675
2499575
2499800
2499550
2499600
2500650
2500875
2499575
2498550
2500625
2499825
2500625
2500625
2498575
2500850
2500625
2499575
2500625
2498575
2500625
2499600
2499375
2501975
2498550
2500700
2500600
2500100
2499600
2499575
2499575
2500875
2499625
2499575
2500675
2500875
2498525
2500650
2500650
2499850
2499600
2500600
2499600
2500050
2499650
2500625
2499575
2500900
2498550
2500600
2500650
2498800
2500650
2500625
2499600
2500025
2500600
2498575
2500675
2500800
2498550
2501650
2499600
2499775
2500600
2499575
2499575
2500850
2498525
2500625
2500675
2498725
2500600
2500700
2499575
2499875
2500450
2499575
2499600
2500875
2500600
2499575
2500625
2498725
2500650
2500600
2499575
2499875
2500650
2499425
2499550
2499875
2500425
2500625
2499575
2499950
2500625
2499600
2500625
2499775
2498550
2500700
2499375
2501125
2499375
2499675
2500650
2500150
2499600
2500625
2500625
2499850
2498550
2500600
2499600
2500700
2500600
2499600
2499575
2500925
2499400
2500600
2498600
2500900
2500600
2498550
2501700
2500000
2498525
2500600
2500600
2499925
2499575
2499675
2500650
2499650
2500625
2499575
2499575
2501425
2499125
2499100
2501175
2500100
2499575
2500625
2499575
2500175
2500075
2499125
2501100
2500150
2499650
2499575
2500625
2500475
2499050
2501125
2499025
2499950
2500625
2499400
2499600
2501100
2498850
2500050
2501100
2499000
2500625
2500600
2499575
2500225
2499900
2500075
2499875
2501025
2499575
2499675
2499575
2500325
2500150
2500050
2500075
2500025
2500625
2499625
2498350
2910175
2092125
2499050
2500050
2499000
2500600
2500450
2499550
2501200
2499075
2500075
2500075
2500025
2499625
2500650
2499650
2500075
2500075
2500150
2499025
2501000
2499575
2500450
2500625
2499100
2499875
2501125
2500075
2500000
2498575
2501650
2499575
2500175
2499025
2501125
2500075
2499975
2499600
2499575
2500625
2499050
2501100
2500075
2499000
2499850
2501675
2499600
2498350
2803700
2197500
2500150
2500050
2498950
2501675
2499550
2499575
2500600
2499600
2499550
2499600
2501050
2499575
2500675
2499575
2500125
2500600
2499600
2499575
2499775
2500600
2499600
2499600
2501000
2499375
2499575
2500425
2500825
2499575
2499575
2500700
2500800
2499650
2499650
2500625
2499825
2499700
2499550
2499600
2500900
2500600
2499600
2499650
2499825
2500625
2499575
2500625
2498850
2500450
2500650
2499575
2500800
2498350
2501675
2499600
2499950
2499575
2500625
2499575
2500875
2499600
2499575
2500600
2500025
2499575
2500625
2499600
2499775
2500625
2499575
2500650
2499575
2499600
2500625
2499625
2500575
2499675
2499650
2500650
2499900
2499650
2500600
2499600
2500100
2499575
2500625
2499400
2500825
2499575
2500650
2499425
2500475
2499550
2500700
2499575
2499925
2499675
2500625
2500625
2498800
2500650
2500625
2498550
2500100
2500650
2499675
2500675
2499900
2499600
2499675
2500625
2499850
2499675
2500700
2499575
2500950
2499575
2499600
2500625
2499850
2499575
2499675
2500625
2500125
2488700
2511750
2499150
2500675
2499200
2500175
2500175
2500225
2499125
2500200
2499975
2500700
2500175
2499200
2501225
2499375
2500250
2500200
2499150
2500325
2500175
2500250
2499150
2501475
2499175
2500250
2500175
2499400
2501250
2499175
2500200
2500450
2499175
2499950
2500200
2500425
2500200
2500175
2499125
2500450
2500200
2500200
2500225
2499375
2500225
2500175
2499125
2500375
2500200
2500175
2500175
2499475
2500175
2500200
2500250
2500450
2499150
2500225
2500175
2500575
2499175
2500225
2499150
2501500
2499125
2500225
2500200
2499375
2500175
2500175
2499125
2501450
2499125
2500200
2500175
2500450
2500175
2500200
2500150
2499325
2499125
2501250
2500200
2499325
2500200
2500175
2500175
2500375
2499125
2500175
2500175
2500400
2499125
2500175
2500175
2499400
2500200
2501250
2499175
2500450
2500200
2500175
2499125
2501400
2499125
2500200
2500200
2500450
2499200
2500175
2500175
2499575
2500175
2500225
2499175
2500450
2500200
2500150
2499150
2501450
2499175
2500200
2500225
2500375
2499150
2500200
2500175
2500400
2500175
2500175
2499175
2500375
2499150
2501300
2499950
2500500
2499175
2500225
2500175
2499400
2500200
2500175
2500175
2499425
2500175
2501225
2499225
2500375
2499150
2501225
2499400
2499250
2499650
2500750
2500700
2499900
2500250
2500225
2498900
2500525
2499625
2499625
2500675
2500175
2499650
2500925
2499700
2500275
2499700
2500675
2499625
2498825
2501725
2499650
2499700
2499825
2499650
2500725
2499650
2500975
2499700
2499650
2499650
2500975
2499625
2499675
2500700
2498800
2499625
2501750
2499625
2500050
2500275
2499225
2500150
2500475
2499175
2501250
2499150
2499600
2500200
2501225
2499125
2500450
2500200
2499125
2500000
2500400
2500200
2498925
2501225
2500375
2499200
2500175
2500175
2499400
2501225
2499150
2500175
2500425
2500225
2499100
2500175
2500375
2500175
2500200
2499125
2500425
2499125
2501250
2500200
2499300
2500225
2500200
2500200
2500425
2499175
2500225
2499125
2500425
2501250
2499200
2500200
2500550
2499125
2500200
2500175
2499350
2501225
2500175
2499100
2500425
2500200
2500200
2499150
2500425
2500225
2500200
2500175
2499375
2500175
2500200
2500175
2500375
2499150
2500250
2500175
2499700
2500225
2500175
2500200
2499450
2499125
2501225
2500175
2500350
2499175
2500175
2500200
2500400
2499125
2500200
2500200
2500375
2499150
2500175
2500150
2499800
2500175
2500200
2500175
2500125
2500175
2499150
2500175
2500450
2499150
2501275
2499150
2500450
2500175
2499125
2501250
2499375
2500175
2500200
2500200
2500450
2499175
2500175
2499175
2500500
2500200
2499225
2501250
2499375
2500225
2500175
2500225
2499375
2501275
2499125
2500175
2500175
2500200
2499150
2500200
2500475
2500200
2499150
2501225
2499350
2500175
2500200
2500200
2499375
2500175
2500175
2500175
2500450
2499150
2500150
2500150
2500350
2499125
2501175
2499125
2500325
2500175
2500150
2500175
2499325
2500175
2501225
2499150
2499400
2500225
2500200
2499175
2501575
2499150
2499950
2500150
2500450
2498950
2501200
2499125
2499575
2501250
2500150
2499150
2501475
2499125
2500175
2500150
2500375
2499150
2500150
2500150
2500675
2500150
2499100
2500150
2500225
2500150
2499125
2499950
2500400
2500150
2499175
2501225
2499325
2500225
2501200
2499125
2500450
2498575
2500650
2500650
2499800
2500675
2499625
2499675
2499825
2500650
2499675
2500650
2499875
2499600
2499625
2500650
2499900
2499400
2500650
2500475
2498825
2500650
2500675
2498650
2500900
2500675
2498550
2500675
2500875
2499625
2499650
2500650
2499775
2499600
2500675
2499600
2499825
2500675
2499600
2499625
2500900
2499625
2499650
2500650
2498900
2500750
2499375
2499625
2500775
2500675
2499600
2500650
2499775
2499650
2499600
2500650
2499850
2499625
2500650
2499625
2500850
2499625
2499650
2499625
2500825
2499625
2500675
2499650
2499825
2500650
2499425
2499600
2499850
2499725
2501675
2499600
2499075
2500650
2500650
2498575
2500950
2500700
2499600
2499625
2500175
2499625
2500450
2499600
2500425
2499450
2500625
2499625
2500150
2500650
2499600
2499600
2500250
2500650
2499625
2499625
2500925
2498550
2500675
2500650
2499825
2499600
2500675
2498575
2500975
2500675
2498575
2500650
2501000
2499600
2500650
2499600
2499875
2499425
2500650
2498575
2501150
2498875
2501250
2500175
2499425
2500150
2500150
2500150
2499975
2500200
2500175
2499100
2501500
2499150
2500125
2500150
2500225
2500175
2499100
2500175
2500200
2500175
2499150
2500200
2500150
2500175
2499975
2500175
2500700
2499600
2499625
2499600
2500900
2499650
2500675
2498575
2500875
2500675
2499625
2499625
2500925
2499600
2499650
2500650
2499750
2500200
2500200
2499100
2500500
2500200
2500200
2499150
2500575
2500175
2498925
2500150
2500500
2498900
2501200
2500175
2500450
2500225
2498900
2501200
2498875
2501225
2500175
2499100
2500400
2500175
2500175
2500125
2498300
2501275
2500150
2500150
2500375
2499125
2500150
2500175
2499375
2501225
2499150
2500125
2500600
2499150
2500000
2500150
2500475
2499975
2500150
2499075
2500475
2500175
2500150
2500200
2499400
2501225
2499125
2500200
2500725
2499125
2500200
2500150
2500375
2500250
2500150
2499100
2500400
2500175
2500175
2499150
2500500
2500150
2499200
2499925
2500500
2501200
2498900
2500175
2500650
2500150
2499150
2500125
2500475
2500150
2500125
2499175
2500625
2499125
2501200
2499200
2500500
2500175
2500175
2499100
2500050
2500200
2499150
2501200
2499400
2500150
2500150
2501200
2498300
2501225
2500175
2499100
2500400
2500225
2499100
2501200
2499575
2500150
2500150
2500150
2500425
2499125
2500125
2500200
2499375
2501250
2499150
2499950
2500425
2498925
2501225
2499100
2500475
2500150
2499150
2500125
2501475
2499100
2500175
2500175
2499325
2501225
2499125
2500150
2500400
2499175
2500150
2500150
2500300
2500175
2500150
2498875
2501075
2500050
2499900
2500050
2499625
2501100
2500050
2499000
2501400
2499075
2500075
2500025
2500350
2500050
2500050
2500025
2499350
2500050
2500050
2500050
2500325
2500075
2500050
2500050
2499200
2501125
2500025
2500075
2499275
2500100
2500025
2500075
2499225
2501125
2500050
2500050
2499175
2501075
2499000
2501075
2499300
2500050
2500050
2500050
2500175
2499000
2501100
2499050
2501300
2500050
2499025
2501075
2500300
2499075
2501075
2499050
2499300
2501100
2500050
2500025
2499950
2499600
2499625
2500625
2500725
2500225
2499150
2499125
2501750
2499100
2499150
2501200
2500400
2499100
2500175
2500250
2500375
2499550
2500700
2499550
2499850
2499525
2500625
2500600
2499775
2500600
2499575
2499525
2500800
2499600
2499550
2500600
2499775
2499575
2500625
2499550
2500650
2499550
2500600
2499525
2499875
2500675
2499650
2499625
2499825
2500625
2500600
2498525
2500950
2499575
2499575
2500600
2499900
2500625
2499525
2500625
2499750
2499550
2500625
2499675
2499825
2499575
2500700
2500575
2499825
2499550
2500725
2499600
2500825
2499575
2499600
2499525
2500900
2499600
2499550
2500650
2499775
2499575
2500625
2499550
2499725
2501650
2498500
2500575
2500800
2499575
2499575
2500600
2499825
2499575
2500625
2499625
2499775
2500600
2499575
2500625
2499850
2500600
2498500
2501650
2498925
2500450
2500575
2498350
2500775
2499525
2501650
2499550
2499750
2500600
2499575
2499600
2499750
2500600
2499575
2499550
2501875
2498525
2500600
2499600
2500800
2498500
2501725
2499550
2499750
2500625
2499650
2499575
2500775
2499550
2500600
2499550
2500275
2499575
2499550
2500625
2499925
2499625
2500700
2500575
2499850
2499600
2500600
2499550
2500325
2499675
2499575
2500625
2499950
2499575
2500600
2499650
2500775
2499550
2500600
2499550
2499800
2499625
2500600
2499550
2499650
2500625
2499550
2499550
2500600
2500600
2499550
2500600
2499750
2499550
2499575
2500600
2500825
2499550
2499550
2499575
2500800
2499550
2499575
2501650
2499775
2498500
2501650
2499625
2499775
2500625
2499650
2499550
2501075
2499625
2499550
2499575
2499900
2500650
2499550
2500600
2499725
2499625
2500575
2500625
2500150
2499625
2499625
2500625
2499825
2499550
2499550
2500600
2500900
2499550
2500575
2498575
2501125
2499550
2500700
2499550
2500850
2499575
2499600
2500575
2499850
2499600
2500575
2499575
2499850
2499550
2500625
2500575
2499750
2499575
2500600
2499575
2499800
2499425
2501625
2499550
2499675
2499650
2500700
2499525
2499775
2499575
2500600
2499575
2500675
2500625
2499675
2500600
2499950
2499650
2499550
2500600
2499850
2499600
2500600
2499550
2500825
2499575
2500600
2499550
2499850
2500575
2498625
2501625
2499750
2499575
2499550
2500650
2499900
2499550
2500350
2499725
2501025
2499550
2499350
2500600
2499825
2499350
2500625
2499575
2500075
2500600
2500600
2498550
2500875
2499575
2500650
2499625
2499775
2500600
2500700
2498550
2500825
2499600
2499550
2500625
2500825
2499575
2499575
2500625
2500875
2498525
2500600
2500625
2498675
2500625
2500575
2499550
2500825
2499550
2500575
2498550
2500775
2499600
2500625
2499550
2499825
2500650
2499575
2499550
2500875
2500575
2499575
2499550
2500825
2498500
2501650
2499550
2499850
2499600
2500600
2499575
2499800
2500600
2499550
2500600
2499775
2499550
2500700
2499600
2500975
2499650
2499625
2500600
2499900
2499650
2500675
2499575
2499575
2499650
2500650
2499550
2500650
2500700
2499650
2499550
2500225
2499650
2500675
2499550
2499525
2500675
2500700
2499575
2500575
2499550
2500600
2498500
2500425
2499375
2500600
2499575
2500225
2499550
2501675
2499550
2500175
2499575
2500600
2498500
2501200
2499650
2499625
2500625
2500500
2498650
2500425
2500625
2500175
2499550
2499575
2500650
2499850
2499550
2500425
2500150
2500750
2499375
2500600
2499550
2500200
2499625
2499575
2500950
2500500
2499550
2499575
2499625
2500475
2500225
2499225
2500150
2499950
2501225
2499125
2500150
2500675
2500200
2499100
2500150
2500525
2499125
2501200
2499100
2500450
2500200
2500150
2500150
2500100
2499125
2500150
2500175
2500475
2500175
2500125
2499150
2500825
2500175
2500175
2498925
2499275
2500200
2500175
2500175
2501050
2499250
2500225
2500225
2500425
2499125
2500200
2500175
2499450
2500200
2500300
2500175
2500575
2500200
2499125
2500175
2500400
2500225
2500175
2499125
2500400
2500200
2500175
2499125
2500500
2500200
2500175
2499150
2501500
2499575
2499575
2499575
2501050
2499600
2499600
2500650
2500000
2498575
2500625
2500625
2499900
2500625
2499600
2499575
2499875
2500625
2500600
2498575
2501075
2499575
2499575
2500625
2499775
2499575
2500625
2499575
2500850
2499575
2500625
2498575
2501825
2499575
2499575
2500650
2499850
2499575
2500625
2499600
2500925
2499575
2499575
2499600
2500875
2499600
2500625
2499575
2499775
2499600
2500625
2500625
2498725
2500675
2500600
2499625
2500400
2499575
2500625
2499825
2499825
2499600
2499550
2500650
2500025
2499600
2500625
2499550
2499875
2500625
2499575
2499650
2500875
2499575
2500675
2499550
2500000
2500650
2499600
2499575
2499775
2500650
2500650
2499575
2499800
2500625
2499600
2499600
2500950
2499575
2499650
2499400
2500950
2500475
2499600
2499600
2499875
2500650
2499600
2499550
2500875
2499575
2500600
2499575
2499725
2500675
2499650
2499575
2500825
2499650
2500650
2499600
2499800
2500600
2499575
2499600
2500800
2499550
2499675
2500450
2499800
2500450
2500600
2498550
2500800
2499575
2500675
2499575
2499950
2500625
2499575
2499575
2501150
2499575
2500700
2499550
2499850
2500625
2499600
2499575
2500125
2500250
2499200
2500200
2500150
2500250
2500225
2499125
2501475
2499150
2500175
2500150
2500475
2499150
2500175
2500200
2500350
2500175
2500200
2499150
2500350
2500200
2499175
2500175
2500450
2500200
2500200
2499150
2500425
2500200
2500175
2499150
2500500
2501275
2499125
2500225
2499400
2500175
2500200
2499175
2500450
2500250
2500250
2500175
2499175
2501225
2499175
2501200
2499425
2500150
2500200
2500200
2499425
2500200
2500200
2499150
2501525
2499150
2499100
2501250
2499400
2500175
2500200
2500175
2499400
2500175
2500200
2500200
2500400
2500200
2499125
2500200
2500625
2500200
2499150
2500175
2499325
2501250
2500175
2499425
2499100
2500175
2500175
2499975
2500625
2500175
2499225
2500400
2500475
2499175
2501200
2499150
2500475
2500200
2499150
2500175
2501000
2499150
2501225
2499125
2500150
2500200
2500200
2499350
2500400
2500175
2499175
2501250
2499325
2500175
2499150
2501200
2500525
2499150
2500200
2500200
2500325
2500250
2499175
2500200
2500375
2499200
2500225
2500175
2500600
2499150
2500200
2500200
2500375
2500175
2499125
2500175
2500700
2499175
2500175
2500200
2500425
2500175
2500175
2499150
2500125
2500200
2500200
2499175
2500400
2499175
2501275
2500175
2499550
2501225
2499150
2500175
2499375
2500175
2500175
2500250
2499375
2500200
2500200
2500175
2500400
2499125
2500175
2500200
2499300
2501225
2499150
2500200
2500400
2500200
2499150
2500175
2500000
2500175
2501225
2499125
2500375
2500200
2499150
2500175
2500425
2499175
2500200
2500200
2500400
2500225
2500200
2499125
2500375
2500175
2500200
2499150
2500375
2500175
2500200
2500200
2499100
2501225
2499175
2500175
2499150
2501225
2499150
2501275
2500225
2499200
2500225
2500175
2499400
2501225
2499125
2500175
2500425
2499150
2500175
2500175
2500400
2500200
2500150
2499125
2500375
2500225
2500175
2500250
2499450
2500250
2500225
2500175
2500450
2499125
2500200
2500150
2499300
2500200
2500275
2498900
2501450
2499975
2500225
2499150
2500550
2500175
2499125
2501250
2499325
2500225
2499200
2500175
2500525
2500200
2499150
2501250
2499400
2499150
2500200
2501250
2499450
2500175
2500175
2499125
2500400
2500175
2499175
2501250
2500525
2499150
2487675
2512725
2499150
2501275
2499150
2500175
2500425
2499150
2501225
2499125
2500450
2500200
2500200
2499125
2500425
2500200
2499125
2500200
2500400
2500275
2500200
2500175
2500450
2499150
2500225
2500200
2499375
2501250
2499125
2500250
2500575
2499150
2500150
2500175
2500900
2499150
2500225
2499125
2500725
2500200
2500175
2499125
2500375
2500200
2500175
2500225
2499325
2500225
2500175
2500175
2499325
2501225
2499150
2500175
2500425
2499150
2499125
2501250
2500375
2500225
2500200
2499200
2500350
2500175
2500200
2500200
2499275
2500200
2499150
2501225
2500450
2499175
2500175
2500175
2499350
2501225
2499150
2500225
2500425
2499125
2500200
2500175
2500425
2499150
2501225
2499150
2500375
2500225
2500200
2499125
2501350
2499175
2500175
2500175
2499400
2500175
2500175
2499125
2500400
2501225
2500175
2498100
2501450
2499125
2500175
2500175
2500525
2500175
2500175
2499150
2500425
2500200
2500175
2499150
2501425
2499150
2499125
2501250
2499000
2500175
2501225
2499225
2499625
2499975
2500225
2500175
2500475
2500175
2499150
2500175
2500425
2500200
2500200
2500175
2499375
2500175
2500250
2500175
2499375
2501275
2499125
2500175
2499925
2499225
2500200
2500200
2499575
2501225
2500200
2499125
2500475
2500175
2499150
2500175
2500650
2499150
2501250
2499175
2500450
2499200
2500225
2501225
2499625
2499150
2500225
2500175
2500450
2500250
2500175
2499125
2500400
2500225
2500175
2499125
2500350
2500200
2500200
2500225
2499400
2500200
2500200
2499175
2500925
2499800
2499775
2500800
2500400
2499125
2500175
2500200
2500000
2499775
2500825
2498700
2500700
2500275
2499200
2500225
2500050
2500800
2499750
2499750
2500350
2500175
2499225
2499975
2501075
2499775
2499500
2499775
2500400
2500225
2499175
2501250
2499650
2500225
2500175
2500175
2499450
2500200
2500175
2499150
2500350
2500200
2500175
2500175
2500350
2499175
2500175
2500225
2500325
2499225
2499975
2500175
2500150
2500175
2500200
2500150
2499375
2500150
2500175
2500200
2499400
2501250
2499150
2500200
2500375
2500225
2499125
2500150
2500450
2500225
2500200
2499125
2500450
2500175
2500175
2500200
2500375
2499125
2500175
2500175
2499425
2500175
2500175
2500175
2499275
2501225
2500225
2498150
2501400
2500225
2499125
2500200
2500375
2499150
2501225
2500200
2499275
2500200
2499175
2500175
2501400
2499125
2499150
2501250
2499400
2500200
2500200
2500175
2499500
2500225
2500200
2499125
2500475
2500200
2500175
2500200
2499275
2500200
2500225
2501250
2498300
2501300
2499125
2500175
2500250
