2480600
2496375
2500600
2500225
2500325
2499125
2500500
2500950
2499900
2499925
2500025
2499925
2499850
2499975
2500100
2499425
2499550
2501550
2499200
2499575
2500325
2500675
2500000
2499075
2500325
2500375
2500250
2499925
2499950
2499950
2500175
2500000
2499900
2499450
2501175
2500025
2498750
2500525
2499775
2499850
2501250
2499975
2499250
2500875
2499650
2499000
2501025
2499650
2499625
2500925
2500800
2498550
2500825
2499600
2499900
2500175
2500950
2499575
2499125
2500900
2499625
2499625
2500400
2499700
2499800
2500875
2499575
2500200
2500000
2500125
2499950
2500025
2500075
2500075
2500100
2500075
2499950
2500050
2500425
2498825
2500125
2500000
2500750
2500100
2499900
2500025
2500550
2498825
2500000
2499900
2502100
2498475
2499725
2500875
2499075
2500950
2499625
2499650
2501075
2498925
2500150
2500025
2500300
2500125
2500025
2500025
2500025
2500125
2499625
2499975
2499825
2499975
2500775
2500050
2499900
2498800
2500875
2500800
2499200
2500925
2499600
2499425
2499625
2500850
2499925
2500975
2499050
2499675
2500850
2499500
2499775
2501000
2499650
2499625
2500350
2499775
2499650
2500900
2499950
2499650
2499675
2500850
2499225
2500150
2500050
2499950
2500850
2498725
2501250
2498800
2500000
2500050
2501250
2499800
2499450
2500850
2499050
2500900
2499950
2499700
2499700
2500875
2499600
2499625
2500925
2499625
2499300
2500950
2499100
2500925
2499650
2499675
2500250
2499950
2499250
2500825
2500075
2499925
2500175
2500025
2500075
2500075
2500575
2498850
2501000
2499625
2499475
2500300
2499675
2500975
2499600
2499650
2500825
2499625
2500875
2499725
2499600
2499725
2500000
2499725
2500825
2499650
2499750
2500900
2499675
2499675
2501200
2498475
2500875
2499725
2499800
2500850
2499700
2499675
2500575
2499650
2499625
2500950
2499225
2500100
2500050
2501150
2498925
2499800
2500900
2499600
2499800
2499675
2500875
2500100
2500350
2498775
2500825
2499975
2498725
2501275
2499750
2499675
2500775
2499650
2499575
2500925
2499650
2499775
2500850
2499625
2499700
2500875
2499625
2499700
2499350
2515525
2484975
2500950
2499625
2498425
2500850
2500900
2499875
2499650
2500250
2500000
2499175
2501050
2499700
2499775
2499625
2500975
2499625
2500950
2500175
2499600
2499625
2499625
2501150
2498550
2500850
2499700
2500125
2499675
2499725
2500975
2500650
2499775
2499650
2499600
2499875
2500925
2499600
2499750
2499525
2501100
2499675
2500950
2499425
2499700
2499700
2499650
2500550
2501000
2498475
2500825
2500675
2498450
2500900
2499725
2500600
2499700
2499650
2500875
2499475
2500950
2498525
2500875
2499525
2499775
2499650
2499750
2501725
2499025
2500200
2499925
2499900
2500075
2500050
2500100
2500950
2498725
2500100
2501150
2498600
2501300
2498775
2501275
2499800
2500025
2500100
2500050
2499700
2499975
2500100
2499925
2499700
2500000
2501200
2498800
2499800
2501200
2498800
2500025
2501400
2498775
2499950
2501225
2499975
2498800
2501275
2500050
2499750
2500050
2498900
2500050
2501850
2498775
2499700
2501225
2498575
2500075
2501250
2500075
2498875
2501275
2498825
2500050
2501175
2499350
2499450
2500400
2501350
2499125
2500275
2499100
2500125
2500475
2500325
2500250
2500050
2499175
2500350
2500400
2500075
2500325
2499100
2500350
2500100
2500325
2499175
2500350
2500025
2500375
2499075
2500400
2500150
2500225
2500300
2499150
2501125
2499200
2500325
2500375
2500050
2500375
2499225
2500250
2500200
2500375
2499125
2500300
2500000
2500450
2499100
2501550
2498800
2499200
2501500
2500350
2499200
2499125
2500975
2500325
2500050
2499100
2500400
2500375
2499925
2500350
2500325
2499100
2500000
2500300
2500375
2500375
2498650
2500425
2499125
2501650
2499950
2500350
2499075
2500325
2500050
2500275
2500300
2499200
2499950
2500350
2500300
2500300
2499250
2499125
2501625
2499200
2500150
2500400
2500450
2499100
2500100
2500250
2500400
2499200
2501250
2499200
2500250
2484550
2503850
2499175
2512575
2499075
2500550
2500425
2500300
2500350
2499125
2500400
2500450
2499100
2500075
2500400
2500325
2500300
2500075
2499200
2500400
2500400
2499250
2500375
2499125
2500400
2500050
2500425
2499175
2500400
2501250
2499575
2499750
2499700
2499675
2500900
2499600
2500925
2499550
2499650
2499750
2499825
2500600
2499675
2499725
2500950
2499450
2499750
2501075
2499700
2500425
2499500
2500050
2500025
2499850
2498775
2501300
2499900
2500125
2499975
2499975
2499975
2499675
2499925
2501250
2499925
2499775
2499925
2499925
2500050
2500825
2498800
2501225
2499925
2499650
2499950
2498700
2501175
2500825
2500025
2498650
2501125
2499650
2499875
2500075
2499975
2499700
2499875
2499925
2499925
2500925
2499975
2499975
2500000
2499400
2500025
2499950
2501200
2498600
2501200
2499950
2499875
2499725
2499975
2500000
2500000
2499900
2500450
2500400
2499175
2500475
2499900
2500300
2499075
2501275
2498825
2500325
2499950
2500125
2499175
2501500
2500350
2498850
2500325
2500350
2500300
2498825
2500350
2500275
2500275
2500050
2488150
2512550
2500400
2499175
2499075
2500375
2500400
2500150
2500375
2499300
2499200
2501200
2500350
2499075
2500275
2500025
2499150
2501550
2499125
2500250
2499150
2501600
2499050
2501300
2499100
2500300
2500375
2500125
2498450
2500925
2499550
2500750
2499650
2500850
2499500
2500525
2499425
2499425
2500650
2500375
2499650
2499500
2500775
2499450
2500675
2499400
2500600
2500350
2499450
2499775
2500500
2500050
2499075
2501650
2499100
2500075
2500600
2500450
2499300
2500250
2500350
2499225
2500325
2500200
2499275
2500400
2499250
2501275
2499175
2500375
2500275
2500075
2499225
2500500
2500350
2500025
2499200
2500375
2500400
2500050
2500450
2499375
2500525
2500150
2499200
2500225
2500325
2499050
2500550
2500500
2499300
2500225
2500350
2500275
2500375
2500125
2499250
2500450
2499325
2500150
2500325
2499125
2500450
2500100
2500425
2500525
2499300
2500100
2500325
2500275
2499150
2500375
2499300
2500525
2500375
2500150
2499125
2500400
2499025
2501350
2500425
2500425
2499325
2500300
2498725
2499400
2501675
2499650
2499300
2500625
2499300
2501525
2499325
2500525
2500425
2499275
2500525
2499325
2500525
2499300
2500550
2499125
2501700
2499125
2500450
2499325
2500475
2498950
2501775
2499250
2500450
2500050
2500475
2498000
2501625
2499250
2500000
2501175
2500000
2499525
2498825
2500100
2501150
2499350
2501225
2498750
2499975
2499700
2501225
2499975
2499975
2499775
2499900
2499925
2501225
2499650
2498725
2501200
2500025
2499650
2499875
2499975
2499975
2500800
2500000
2499900
2499950
2500875
2498800
2499950
2499900
2499825
2500000
2501175
2499950
2499850
2500000
2499950
2499975
2499750
2499850
2499900
2500050
2499550
2501225
2498800
2499875
2500900
2500000
2499950
2500000
2500825
2499925
2499825
2499950
2499725
2499800
2501275
2498725
2500900
2498775
2501150
2499975
2499825
2499975
2500050
2499900
2499075
2500350
2500125
2500025
2500975
2499950
2499975
2499925
2499725
2500025
2500050
2498775
2502025
2499975
2498700
2499875
2500950
2499975
2500050
2500000
2499750
2499975
2501250
2499975
2499750
2499900
2499850
2500000
2499600
2500000
2500025
2499975
2500900
2498700
2501325
2499925
2499625
2500075
2499950
2500050
2499675
2500025
2499900
2499875
2500875
2499950
2499900
2500000
2499850
2499975
2499975
2499975
2501025
2498750
2499925
2501175
2499625
2500000
2499975
2499850
2499700
2499700
2500850
2499725
2500550
2499950
2499950
2499950
2499650
2500850
2499625
2499650
2500650
2498700
2501225
2499900
2500475
2499675
2499675
2499750
2500800
2499950
2499950
2499950
2499800
2499675
2499750
2500875
2500650
2498675
2501125
2499950
2499475
2499675
2499825
2500850
2499450
2501175
2499850
2499875
2499900
2499325
2500525
2499125
2500825
2499200
2500275
2500400
2500075
2499950
2500075
2500025
2499925
2500450
2500350
2499100
2499925
2500050
2500100
2500075
2501050
2499075
2499175
2501500
2500075
2499100
2500225
2500375
2499600
2500125
2500050
2500050
2499925
2500300
2500350
2499075
2501175
2500025
2500025
2500050
2499775
2499125
2500275
2500300
2500250
2499950
2500075
2500075
2499825
2500450
2499150
2500300
2500000
2500075
2500075
2500100
2499575
2499975
2500000
2500050
2501100
2499175
2500300
2500375
2499900
2500050
2500075
2499925
2499950
2499225
2500325
2500350
2500350
2500300
2499250
2500450
2499825
2500150
2500075
2500050
2499850
2500325
2500325
2499100
2500750
2498625
2501650
2499075
2500200
2500325
2500350
2499100
2500050
2500375
2499225
2500425
2501275
2499125
2500275
2500275
2500100
2499100
2500300
2500300
2500050
2499150
2500400
2500350
2500125
2499100
2500350
2500325
2500000
2500350
2500325
2500425
2498950
2500325
2499125
2501600
2499775
2499125
2500300
2500350
2500300
2500325
2499075
2500325
2500050
2499125
2500425
2500375
2500100
2500325
2500350
2499125
2500075
2500325
2500325
2499100
2500225
2500300
2500350
2500425
2498875
2500300
2500400
2500300
2499975
2499150
2500225
2500325
2499950
2500325
2500400
2500375
2499575
2499125
2500375
2500300
2500125
2500325
2500350
2497950
2501350
2499150
2500275
2500300
2500125
2500375
2499400
2501500
2498875
2499100
2501550
2499050
2500125
2500400
2500275
2499150
2500150
2500300
2500325
2500325
2498925
2500350
2500350
2500300
2499900
2499100
2500325
2500300
2500100
2500300
2500275
2499125
2500250
2500250
2500350
2500375
2499900
2499225
2500225
2500300
2499725
2499875
2500500
2499925
2500050
2499950
2500000
2500000
2500600
2500000
2500025
2499900
2499750
2499925
2499950
2499875
2500875
2498800
2501175
2499875
2499600
2500050
2501125
2498700
2500950
2499925
2499950
2499975
2499750
2499900
2499950
2500000
2499725
2499900
2501375
2498750
2500900
2498875
2499975
2501175
2499175
2500050
2501350
2498725
2500825
2499900
2500050
2499950
2500000
2500500
2498600
2501125
2499625
2500025
2500050
2500000
2500875
2499925
2499825
2500000
2499550
2499975
2499950
2499900
2500900
2499900
2499925
2500000
2499700
2500000
2499950
2499900
2500975
2498650
2500075
2501225
2499725
2499950
2499950
2500000
2499900
2500000
2500025
2499950
2500775
2498675
2501150
2499975
2499775
2499875
2499975
2499900
2499675
2500050
2501100
2499925
2499600
2500000
2499900
2499950
2499825
2499975
2499950
2500000
2501025
2499950
2499925
2499925
2500575
2498675
2499900
2501225
2499900
2499625
2499650
2499725
2500875
2499900
2500050
2499975
2499525
2501225
2499800
2499950
2499600
2499875
2500025
2499925
2500850
2499900
2499825
2499925
2499700
2499975
2499975
2499875
2500550
2500400
2499150
2500700
2499025
2490100
2510250
2500575
2500325
2500425
2499275
2500425
2500150
2499225
2499200
2500425
2501400
2499900
2499925
2499975
2499800
2499250
2500525
2500425
2500000
2499900
2499950
2499975
2499850
2500575
2499275
2500525
2500075
2499900
2500000
2499850
2499800
2500450
2499225
2500475
2500050
2500100
2499925
2499900
2501125
2499250
2500450
2500425
2498725
2500025
2499875
2499900
2501175
2499325
2500475
2499275
2501300
2499950
2499900
2500075
2499700
2499150
2500475
2500525
2500125
2499900
2499975
2499850
2500975
2498350
2500075
2500275
2501175
2499275
2499200
2501625
2498975
2500225
2500250
2500300
2500025
2499225
2500475
2499175
2500300
2500450
2499150
2501675
2498925
2499225
2500525
2500425
2500075
2499125
2501450
2499050
2500200
2500475
2499250
2500475
2500225
2500400
2499150
2500275
2500150
2499225
2500550
2500450
2500325
2499125
2500375
2500300
2500125
2499325
2500450
2500500
2498850
2500275
2500325
2500300
2499950
2500500
2499200
2500450
2500225
2500275
2499150
2500300
2500950
2499200
2500400
2499300
2501525
2499225
2499225
2500475
2500175
2499325
2500450
2500450
2498950
2500425
2500500
2500425
2500075
2499275
2500500
2499300
2500125
2500400
2499200
2500450
2500225
2499225
2501700
2499325
2500225
2499275
2500575
2500525
2500125
2499225
2499225
2501725
2499025
2500500
2500375
2499225
2500225
2500500
2499225
2500400
2500175
2500450
2499250
2500400
2500125
2499300
2500475
2500400
2500275
2499225
2500400
2499275
2501400
2499225
2500375
2500400
2498925
2500500
2500425
2499325
2500150
2500425
2499225
2500475
2500125
2499250
2500425
2500475
2500200
2500450
2499250
2499200
2500075
2500525
2500425
2499175
2501450
2499300
2500575
2499250
2500125
2500475
2500450
2499175
2500150
2500675
2499150
2500450
2500100
2500450
2499350
2500400
2500100
2499250
2501650
2498150
2501050
2500500
2499225
2500425
2499800
2499275
2500500
2500475
2500250
2499250
2500550
2499175
2500175
2500525
2499225
2500450
2500275
2499325
2500525
2500375
2498950
2500475
2500500
2500475
2500175
2499275
2500500
2499300
2500825
2498950
2500425
2500475
2499200
2500525
2500450
2499250
2500275
2500575
2499300
2500375
2500175
2500425
2499275
2500475
2500025
2499825
2500625
2499975
2500375
2499900
2499950
2498725
2500875
2499925
2500000
2499950
2500800
2498700
2500025
2499975
2500850
2499900
2499850
2500000
2500925
2498725
2501225
2499875
2499725
2500000
2499875
2499975
2500850
2498675
2499925
2501100
2499750
2499975
2500000
2499975
2499750
2499950
2500050
2499875
2500800
2499975
2500000
2499950
2499650
2500000
2499875
2500050
2500900
2499925
2499925
2500000
2499550
2500000
2499850
2501150
2498000
2501150
2501175
2499875
2498525
2501200
2499825
2499950
2499625
2500000
2499975
2500000
2500575
2499950
2499925
2500050
2499775
2499925
2500100
2499950
2499800
2501075
2499900
2499975
2499750
2499975
2500025
2499950
2499675
2499900
2501100
2499950
2499650
2499975
2499950
2499900
2499800
2499900
2499975
2501150
2499575
2500000
2500000
2499975
2499600
2499900
2499950
2499925
2499525
2500000
2501175
2499975
2499700
2501150
2498725
2501225
2499375
2500025
2499950
2500000
2500900
2498775
2501125
2499850
2499750
2499900
2500000
2500025
2500875
2499900
2499875
2499925
2499550
2500000
2499975
2499875
2500875
2499875
2499925
2499900
2500875
2498775
2500000
2499925
2500825
2499925
2499900
2499900
2499600
2499975
2500000
2499850
2500975
2499875
2499875
2499950
2500825
2499950
2498725
2501100
2499700
2499975
2499925
2499925
2499575
2501200
2498800
2499975
2500975
2499900
2499925
2499925
2500825
2498700
2501175
2499950
2499650
2499950
2499975
2499975
2499600
2500025
2499925
2501100
2499650
2499900
2501200
2498750
2500775
2498775
2501125
2499900
2499750
2499900
2499975
2499975
2499775
2500000
2501175
2498825
2500800
2500000
2499925
2499850
2499625
2499925
2499925
2501200
2499000
2500675
2498675
2501575
2499675
2500225
2499100
2499150
2501375
2499125
2500400
2500300
2499725
2500350
2500300
2499175
2501250
2499125
2500325
2500375
2500050
2499075
2500250
2500350
2500050
2500300
2500350
2499025
2500150
2500475
2500325
2500275
2499975
2499125
2500425
2500375
2499150
2500375
2500375
2499150
2500950
2500300
2499200
2500325
2500575
2499175
2500325
2500325
2500350
2499050
2500325
2500325
2498850
2500350
2500325
2500325
2500000
2499150
2501525
2497950
2501200
2500350
2500400
2499075
2501250
2499250
2500275
2500325
2500025
2499050
2500325
2500325
2500075
2499150
2500275
2500375
2499275
2501550
2500350
2497850
2501350
2500350
2499150
2500325
2500175
2499075
2501650
2499150
2500075
2500350
2500275
2500350
2498825
2500300
2499075
2501675
2499925
2499100
2500300
2500325
2500300
2499125
2500350
2499175
2501275
2500275
2499025
2500300
2500400
2499125
2500250
2500350
2500200
2500300
2500325
2499150
2500025
2500375
2499100
2501550
2500150
2499100
2500375
2500350
2498675
2500350
2500325
2499150
2501275
2500325
2499100
2500350
2500050
2500400
2499200
2500325
2500000
2500250
2500300
2500350
2500025
2500275
2499125
2500325
2500025
2500250
2500300
2499075
2500225
2500300
2500300
2499075
2501275
2499175
2499150
2501550
2500275
2499125
2500375
2500275
2499500
2500300
2500375
2499050
2499375
2500825
2500775
2499525
2500475
2499675
2498375
2502050
2499225
2499650
2500850
2499550
2500675
2499575
2499650
2500750
2500550
2499675
2498375
2502050
2498250
2500850
2500750
2499575
2499400
2500750
2499575
2499575
2500575
2499550
2500825
2500725
2499300
2499550
2500800
2499650
2499375
2500750
2499575
2499650
2501350
2499125
2499825
2500450
2499950
2500400
2500475
2499250
2500325
2500525
2499250
2500425
2500100
2499300
2500450
2500475
2499575
2499175
2500550
2500450
2499000
2500550
2500450
2499125
2501525
2499275
2500450
2499300
2500250
2499275
2500475
2500475
2500050
2500450
2499275
2500475
2500200
2499275
2500450
2500400
2500525
2499250
2500475
2499250
2500350
2500400
2499250
2500475
2500100
2499275
2500450
2500475
2499625
2499250
2501750
2499225
2500250
2499275
2500475
2500500
2499550
2499225
2500475
2500450
2499850
2499200
2501700
2499275
2500150
2499325
2500500
2500375
2500150
2500100
2500050
2500125
2499375
2500100
2500025
2498950
2501525
2499950
2498750
2501150
2499150
2501150
2499950
2499925
2499225
2500975
2499850
2499925
2499250
2501100
2498750
2501250
2499900
2498700
2501125
2500075
2499600
2499950
2501250
2498800
2500800
2499925
2499925
2499875
2501000
2498675
2500100
2499900
2500775
2499975
2499950
2500000
2499600
2500050
2500050
2499925
2500950
2499925
2498800
2501125
2499625
2500100
2499925
2499850
2500975
2498775
2501200
2498675
2500950
2498675
2501125
2500000
2499625
2499875
2501125
2498775
2500825
2500025
2499950
2499975
2500875
2498700
2501200
2498650
2500950
2500000
2500050
2499950
2499775
2500025
2499950
2500025
2500225
2500025
2500000
2499975
2500450
2498675
2501200
2499925
2500900
2498700
2501225
2498750
2500775
2499900
2499950
2499925
2499625
2500000
2501125
2498725
2500900
2500100
2498650
2501275
2499850
2499875
2500000
2500075
2500775
2498800
2501200
2500000
2499650
2499900
2500000
2499950
2499700
2499975
2501175
2498800
2500850
2499950
2498825
2501200
2499625
2500050
2499900
2499950
2500650
2499075
2499100
2501175
2500525
2498875
2499975
2501275
2499850
2498925
2501325
2498750
2500575
2501300
2498800
2500025
2501000
2500075
2498950
2500100
2500925
2498900
2500100
2500000
2499775
2501275
2500050
2498900
2501075
2500150
2498925
2500100
2501125
2498825
2501250
2500100
2499900
2498875
2501375
2498850
2500950
2498775
2499950
2501300
2498600
2501225
2500025
2500150
2498525
2501275
2500050
2500000
2499900
2500175
2500075
2500025
2499775
2500050
2498900
2501225
2499775
2500150
2500125
2500050
2499800
2500075
2500050
2500000
2499750
2500100
2500050
2500125
2500950
2498825
2500125
2500025
2501175
2498800
2500125
2499900
2501125
2498900
2500000
2501325
2499775
2498800
2501275
2498800
2499750
2501375
2499975
2498775
2501000
2499975
2500100
2500050
2499675
2500050
2500100
2500050
2499800
2500000
2500050
2500100
2501050
2498775
2500125
2499975
2501000
2500050
2500000
2500075
2498650
2519600
2480625
2501275
2499650
2500150
2498875
2501225
2499900
2500000
2500125
2498800
2500875
2500050
2500175
2500025
2499800
2500075
2499975
2500075
2499750
2500000
2500100
2499975
2500925
2500075
2499950
2499975
2499300
2500025
2500025
2500150
2499825
2500050
2500050
2500325
2499800
2500275
2500075
2498825
2500975
2500000
2500050
2499975
2500975
2498775
2501175
2498750
2501075
2500000
2498775
2501275
2499775
2500075
2500125
2498800
2501050
2500175
2500025
2500100
2499800
2500025
2500075
2498800
2500900
2498850
2501225
2500050
2500900
2498850
2500100
2500075
2500900
2498825
2501375
2498800
2499700
2501250
2498850
2500100
2500975
2500100
2500075
2498700
2501025
2500050
2500025
2500175
2499775
2500075
2498925
2501275
2499975
2498475
2500900
2500000
2500825
2499125
2500425
2500350
2498850
2500350
2500325
2500400
2500050
2499175
2501550
2499225
2500050
2500375
2500325
2499150
2500025
2500275
2500350
2500400
2499975
2499150
2500350
2500325
2500075
2499125
2500325
2500375
2500075
2499400
2500425
2499150
2501375
2499125
2500300
2500450
2499975
2499100
2500325
2500450
2498900
2500325
2500350
2500350
2500025
2499075
2500400
2500325
2500025
2500375
2500375
2499125
2501325
2499125
2500375
2500375
2498850
2500325
2500300
2500325
2500575
2499200
2500250
2500300
2500050
2499150
2500300
2500300
2500075
2499125
2501550
2499100
2500125
2500300
2500350
2499150
2500175
2500275
2499125
2500350
2501300
2499175
2500350
2500400
2498700
2501500
2500400
2497875
2500225
2501650
2499100
2500450
2500000
2500350
2499200
2500275
2500000
2500300
2499100
2500350
2500025
2500300
2500400
2499600
2500050
2499525
2500375
2500275
2499975
2500350
2500350
2499200
2500000
2499125
2501525
2500300
2500075
2499125
2500350
2500325
2498800
2501575
2499000
2500325
2500600
2499125
2500325
2500325
2500050
2499125
2500400
2500325
2500000
2499100
2500250
2500475
2499950
2500400
2500400
2499075
2501300
2499100
2500275
2500325
2499975
2497950
2501575
2500375
2500025
2500325
2499075
2500375
2500075
2500325
2499125
2500350
2500075
2500300
2500250
2500375
2499300
2500300
2500275
2500375
2499275
2500375
2499100
2500325
2501425
2498200
2500425
2500525
2500075
2499125
2500300
2500300
2500025
2499225
2501575
2500300
2498750
2500225
2500325
2500250
2500150
2500475
2498075
2500525
2501700
2498425
2500375
2500350
2500200
2500350
2500275
2499075
2500050
2499100
2501575
2499125
2501050
2498900
2499925
2500325
2500300
2499125
2500375
2500325
2500150
2500325
2499075
2500325
2500125
2500325
2500300
2499025
2501225
2499150
2500300
2500375
2500025
2499175
2500300
2500325
2500250
2499150
2500375
2500325
2500075
2500300
2499125
2500375
2500200
2500425
2500350
2499050
2500200
2500425
2500300
2499125
2501200
2499150
2500425
2499175
2500300
2500450
2500400
2499100
2500250
2500300
2500325
2500450
2498850
2500350
2488100
2511325
2500425
2499150
2500350
2500475
2501275
2497850
2501600
2500225
2500100
2499175
2499175
2500425
2501250
2499100
2500425
2500275
2500025
2499150
2500250
2500350
2500150
2500250
2500325
2499050
2499975
2500350
2500375
2500325
2499975
2499075
2501600
2497875
2501175
2500350
2499100
2500250
2500200
2500325
2499150
2500325
2500050
2499950
2500300
2500325
2499500
2500425
2500275
2500375
2498875
2500275
2500425
2500425
2500050
2499100
2500275
2500350
2500050
2499050
2501575
2499100
2500675
2499100
2500325
2500325
2500075
2499175
2500450
2500250
2499950
2500350
2500425
2499050
2499975
2500325
2500275
2500375
2499950
2499150
2500325
2499075
2500325
2500325
2500200
2500350
2500025
2500350
2500350
2499050
2500050
2500325
2500250
2499100
2500000
2500325
2500325
2499150
2501325
2500325
2499100
2500275
2499975
2499000
2501650
2499100
2499975
2500350
2500325
2500250
2500025
2500250
2499175
2500350
2498775
2500375
2500325
2500350
2500050
2500325
2500275
2499125
2501250
2499050
2500275
2500350
2498875
2500400
2500300
2500400
2499775
2500425
2499075
2500375
2499950
2500375
2500350
2500300
2498850
2500300
2500325
2499125
2500125
2500375
2500400
2500275
2500075
2499100
2500300
2500275
2500900
2498750
2499350
2501550
2499750
2500250
2500375
2499175
2500025
2500425
2500350
2500350
2498825
2500425
2500325
2499175
2501275
2499150
2500350
2500275
2500475
2499075
2500275
2500350
2500075
2500325
2499100
2500350
2500050
2500300
2499100
2500350
2500050
2500350
2500350
2499075
2501125
2499150
2500300
2500425
2499975
2499100
2500325
2500400
2500025
2499250
2500375
2500350
2500000
2499150
2501525
2499100
2500025
2500325
2500350
2499000
2500100
2500300
2500400
2500300
2499075
2500350
2500350
2500225
2500050
2500450
2499025
2499150
2501250
2500325
2499075
2500350
2500025
2499100
2501575
2500375
2498850
2500225
2500325
2500375
2500000
2500325
2500325
2497900
2501250
2499125
2500400
2500250
2501200
2499225
2499150
2501500
2498775
2499125
2501500
2500275
2498800
2500275
2500350
2500325
2500125
2499175
2500375
2499125
2501275
2500325
2499125
2500300
2500125
2500425
2500300
2499050
2501275
2499100
2500425
2500350
2500000
2500300
2499175
2500425
2498850
2500325
2500425
2500400
2500025
2500275
2499100
2500300
2499975
2500350
2500275
2499150
2501200
2499125
2500375
2500300
2499900
2500375
2499125
2500400
2500225
2499100
2500250
2500350
2500100
2500250
2500325
2499175
2500075
2500400
2500325
2500350
2500000
2499100
2500300
2500350
2498925
2500325
2500325
2500325
2499975
2499125
2500325
2500275
2500025
2500325
2500325
2500375
2498700
2500350
2499150
2501525
2499850
2500425
2499100
2500400
2500275
2499050
2500350
2500400
2498825
2501600
2500300
2499100
2500000
2500175
2500325
2500450
2499900
2499150
2500250
2500300
2500125
2500250
2500350
2499150
2500050
2500400
2499025
2500300
2500150
2499050
2501525
2500300
2499775
2499925
2498725
2501175
2500575
2499875
2499950
2499975
2500225
2498750
2501125
2499875
2499700
2500000
2501175
2500050
2499600
2499925
2499900
2498725
2501950
2498675
2499875
2501125
2499625
2499925
2500025
2498750
2502050
2498650
2501175
2499900
2499725
2500000
2499900
2499875
2499625
2501200
2500000
2499925
2499500
2501175
2499900
2498750
2500700
2498750
2499950
2501150
2499725
2499950
2499875
2501175
2499675
2499875
2499975
2500000
2500850
2498650
2501125
2499900
2499525
2500025
2500000
2499975
2499600
2499950
2501175
2499850
2499650
2500050
2499925
2500025
2499525
2500025
2499950
2501150
2499450
2500025
2499875
2499925
2500825
2500050
2499875
2499925
2499650
2499975
2499875
2500000
2500750
2499925
2499925
2498850
2500600
2500475
2500025
2499950
2500775
2498725
2501150
2499925
2498925
2499925
2499925
2501150
2499625
2500075
2500000
2499925
2500750
2499875
2499900
2499925
2499725
2498775
2501200
2500000
2500950
2499925
2498825
2501075
2499700
2500000
2499900
2499975
2500925
2500025
2498675
2499875
2500975
2500000
2499925
2500025
2500275
2500025
2499875
2499400
2500900
2499950
2499900
2500000
2500850
2498725
2500025
2500000
2499625
2499950
2501200
2499925
2499625
2499950
2499950
2500000
2500825
2498750
2501200
2499925
2499625
2500050
2499975
2500000
2500850
2499875
2498775
2499925
2500975
2499925
2500000
2499975
2499675
2499975
2499950
2499850
2500900
2499975
2499975
2500000
2499775
2500025
2499900
2500275
2500000
2499075
2501025
2500300
2498800
2501575
2499150
2500300
2500000
2500325
2499150
2500350
2500000
2500250
2500375
2499075
2500050
2500325
2499050
2500325
2501125
2499125
2501475
2499025
2499800
2499875
2499975
2500375
2500800
2499150
2500225
2500225
2500150
2500325
2499150
2500325
2500100
2500250
2500275
2499150
2500175
2500325
2500275
2500275
2498925
2500300
2500400
2500275
2500025
2499100
2500350
2500325
2498950
2500275
2501625
2497925
2501275
2500350
2499100
2500225
2500325
2500350
2500275
2499150
2500100
2500325
2500375
2500200
2500100
2499100
2500300
2500300
2500050
2499150
2501650
2499000
2499975
2500325
2500175
2500300
2500150
2499050
2499125
2501550
2500025
2499175
2500225
2500175
2501225
2499075
2500300
2500325
2499900
2499150
2500275
2500275
2499975
2500275
2499000
2500325
2499825
2501150
2498725
2500700
2500750
2499925
2498700
2501150
2499350
2500050
2500075
2501175
2499500
2499925
2499900
2500000
2499950
2500000
2501100
2498800
2500750
2499825
2499975
2499900
2499725
2499925
2500000
2501200
2499875
2499925
2498675
2501125
2499650
2499925
2499925
2499875
2500800
2499900
2500025
2498750
2501475
2488425
2510825
2499175
2501800
2499375
2500575
2499225
2500225
2499225
2500425
2500475
2500200
2499225
2500550
2500350
2500150
2499250
2500400
2500425
2498875
2500625
2500500
2499275
2500200
2499300
2500425
2500450
2500375
2499200
2500450
2500475
2499150
2501675
2499225
2499275
2500225
2500400
2499225
2500475
2501325
2498025
2500400
2500450
2500100
2500575
2499200
2500400
2500275
2499150
2500500
2500375
2500200
2499200
2500450
2500400
2500150
2499250
2500475
2500450
2500275
2499150
2499225
2500500
2500200
2499275
2501725
2499175
2498950
2500550
2500425
2500425
2500050
2499325
2500575
2500400
2500250
2499225
2500425
2500375
2498950
2500475
2500500
2499200
2500150
2499275
2500550
2500425
2500475
2499925
2500075
2499900
2500000
2499900
2499900
2499850
2500400
2499950
2499975
2499950
2499825
2500025
2500150
2499975
2501025
2500050
2500000
2498850
2501025
2500100
2499950
2500025
2499875
2498825
2501375
2500000
2499650
2499950
2500025
2500000
2499675
2500100
2499950
2501225
2499825
2498875
2500025
2501200
2499675
2498925
2501325
2500025
2499750
2500025
2499975
2500000
2499600
2500025
2501175
2500075
2498725
2501250
2498775
2501200
2499800
2500000
2500075
2498875
2500925
2500125
2499950
2500025
2499675
2500050
2500025
2500025
2499950
2500325
2499125
2500425
2501250
2499100
2500250
2499200
2501400
2499150
2500400
2500250
2499975
2499125
2500375
2500275
2499875
2500325
2500275
2499100
2500025
2500400
2500300
2499075
2501250
2499100
2500375
2500350
2500125
2499775
2500300
2500350
2498250
2501575
2499100
2499075
2501100
2500375
2500375
2500175
2499975
2499200
2500425
2500250
2499975
2499100
2500250
2500375
2500025
2500325
2499000
2501500
2498900
2500275
2500475
2500325
2498950
2500375
2500250
2499150
2501150
2499075
2500225
2500400
2500025
2500250
2500325
2499075
2500725
2500225
2500425
2499125
2500675
2500350
2497875
2500325
2501175
2500350
2499150
2500250
2500250
2500275
2499150
2500375
2500025
2500400
2500275
2500300
2499025
2500400
2500250
2500300
2499950
2500225
2499200
2500400
2500025
2500350
2499375
2499500
2500550
2499075
2500725
2499525
2500825
2499600
2499500
2500750
2499375
2500775
2499450
2500775
2499275
2500775
2499575
2500725
2500475
2499600
2499500
2499450
2500400
2499500
2500750
2499575
2500375
2499500
2500750
2499525
2500900
2499200
2500725
2500750
2499225
2500425
2500350
2499025
2500450
2499825
2498700
2501625
2500175
2499050
2500375
2500350
2500075
2499150
2500325
2500350
2500125
2499100
2501500
2499075
2501250
2499175
2499175
2500275
2501200
2499050
2500300
2500325
2500050
2499125
2501500
2499075
2500050
2500425
2500275
2499125
2500150
2499100
2501575
2500250
2500150
2499025
2501500
2499150
2499850
2499150
2500450
2500325
2500075
2500375
2499025
2501475
2498225
2500300
2500350
2499875
2500175
2500325
2500275
2499125
2501275
2499125
2500225
2500375
2499925
2500325
2500325
2499025
2500125
2500300
2500200
2499100
2501250
2499125
2501350
2499900
2498600
2500675
2499975
2499975
2499550
2501125
2498700
2501075
2499700
2499850
2500025
2499900
2500750
2499925
2499875
2499925
2499650
2500000
2501125
2498700
2500925
2499925
2499900
2499900
2499600
2499925
2501200
2499875
2499800
2499950
2499925
2501125
2498400
2500000
2499950
2501075
2499725
2498700
2501125
2500025
2500850
2499950
2498700
2501050
2499600
2499925
2499900
2499875
2500100
2499925
2501150
2498625
2500900
2499975
2500125
2499900
2500925
2497525
2501125
2499975
2500900
2498650
2501250
2499975
2499625
2499925
2499900
2500025
2500925
2499850
2499950
2499925
2500875
2498675
2501100
2498750
2499775
2501175
2499875
2500000
2499625
2499975
2499825
2501125
2499650
2499975
2499900
2499975
2500750
2498675
2501075
2499925
2499650
2498725
2501250
2499950
2499650
2499975
2501125
2499900
2499650
2499925
2499850
2500000
2500850
2498650
2499975
2501125
2499675
2500050
2501150
2498750
2500900
2499875
2499875
2499900
2500225
2498650
2501075
2499925
2500175
2499950
2499950
2499875
2500875
2498700
2499950
2501200
2499550
2499875
2499975
2501100
2499025
2499400
2500075
2501325
2499525
2500075
2499975
2500075
2500125
2499975
2499900
2499925
2499725
2501225
2500075
2499925
2500075
2498675
2499950
2501275
2499975
2499875
2498700
2501100
2500300
2498675
2499925
2501225
2499800
2500000
2500000
2499950
2500825
2499875
2499900
2498750
2500925
2500075
2500025
2500000
2499650
2500050
2501200
2498825
2500250
2500075
2499975
2499925
2500400
2500100
2500100
2500100
2500150
2499975
2499925
2499925
2499200
2501250
2498950
2501175
2499025
2499925
2500700
2498700
2501725
2499600
2498750
2501250
2500225
2499925
2499975
2499950
2499300
2500000
2501325
2498900
2499175
2501225
2500025
2498775
2501775
2500100
2500100
2500075
2498975
2500025
2499875
2501200
2499175
2500050
2500000
2500075
2500150
2499925
2500075
2500000
2500325
2500100
2500075
2498950
2501375
2499875
2499950
2499850
2500425
2500125
2498750
2500025
2500150
2499950
2499975
2499875
2500400
2500025
2500025
2500125
2500200
2500000
2499950
2500000
2500675
2498875
2501350
2498825
2500150
2501150
2498700
2501175
2499325
2500050
2499950
2500075
2500425
2498775
2501250
2499950
2500500
2498925
2501250
2498850
2501350
2498750
2501225
2499900
2498875
2500025
2501250
2499050
2499925
2500225
2500300
2499125
2500250
2500575
2500525
2499200
2500300
2499075
2501500
2499100
2500250
2499300
2500550
2500550
2499900
2499100
2500375
2500375
2499775
2500500
2499250
2500525
2500500
2499100
2501525
2499050
2499900
2499150
2501625
2499125
2501125
2499125
2499100
2500400
2500075
2500350
2500375
2500275
2500000
2499125
2500275
2500425
2500100
2499150
2500350
2500275
2501375
2499050
2500325
2499075
2501225
2499175
2500400
2499100
2499550
2501075
2499400
2500350
2499800
2500375
2500350
2500350
2500550
2499175
2500325
2500425
2498575
2501650
2499400
2499225
2501450
2499100
2500275
2500375
2499025
2500250
2500400
2500275
2498950
2501675
2499025
2500350
2500200
2500325
2499175
2500325
2500150
2499200
2500425
2500275
2500075
2500325
2499050
2500325
2499950
2500325
2500300
2500275
2500100
2499125
2500300
2499150
2501125
2499175
2500400
2499200
2501325
2500275
2499125
2500425
2499950
2499075
2500350
2500275
2500625
2499150
2501475
2499125
2501250
2499075
2499125
2500350
2501175
2498850
2500075
2498850
2502425
2498875
2500050
2501250
2499625
2498875
2500100
2501250
2499725
2499100
2501550
2499175
2499850
2500050
2500100
2500075
2499775
2501400
2498775
2500025
2500950
2498850
2500100
2500050
2500150
2501075
2499050
2500425
2500225
2499150
2500400
2499125
2501325
2499200
2500375
2500375
2500100
2499175
2500400
2500450
2500050
2500375
2499200
2500250
2500050
2499075
2501550
2499175
2500150
2500375
2499225
2499175
2501350
2500300
2500225
2499875
2500975
2498775
2499450
2501225
2500175
2498900
2501100
2498800
2499850
2501175
2499975
2500050
2499775
2499950
2500025
2500000
2499650
2501175
2499950
2498725
2500875
2499925
2500100
2499975
2500875
2498750
2500000
2500100
2499775
2499975
2501225
2498725
2501050
2499925
2499900
2499975
2499700
2499900
2500000
2500000
2500925
2498675
2501050
2500050
2499600
2500000
2500025
2501200
2498375
2501150
2499900
2499950
2499700
2500025
2500075
2499450
2500825
2499900
2499400
2499925
2500950
2500000
2498725
2501225
2499675
2498750
2501175
2499975
2500800
2500025
2499925
2499925
2499700
2499975
2500050
2499925
2500175
2499175
2501000
2499300
2500250
2500175
2500375
2499350
2500475
2500525
2499225
2500300
2500275
2500375
2500425
2499250
2500200
2499300
2500525
2500450
2499025
2500100
2500100
2500125
2499950
2499975
2500000
2500125
2499850
2500125
2500225
2500150
2500050
2500100
2500250
2500125
2499800
2500075
2500025
2500025
2499700
2499825
2499925
2499950
2499925
2499975
2501325
2498850
2500525
2500050
2500050
2498875
2501025
2500075
2500025
2500000
2499450
2500975
2498650
2501275
2499950
2500000
2499900
2499950
2499575
2500125
2500100
2499975
2500950
2499075
2500050
2500150
2499950
2500100
2500150
2500025
2499825
2499750
2501175
2498800
2501025
2500100
2498825
2501100
2499825
2499050
2501350
2499050
2501050
2500175
2498850
2501325
2499775
2499925
2498900
2500050
2501100
2500250
2498950
2500125
2499750
2501250
2499975
2499925
2500025
2500075
2499900
2500025
2499675
2499925
2499975
2499975
2501075
2498900
2500000
2500125
2499750
2500050
2501125
2499825
2499925
2498850
2500250
2500125
2500875
2500075
2500100
2499975
2499725
2498875
2501400
2499950
2499775
2500125
2499925
2500000
2499675
2500125
2500200
2500025
2499725
2500025
2500100
2499950
2500925
2499925
2498725
2501200
2499675
2500400
2500275
2499150
2501450
2499175
2499525
2500525
2500125
2499225
2500350
2500550
2498900
2500350
2500475
2500550
2499025
2500425
2500525
2499250
2500125
2499600
2501325
2498875
2500475
2500025
2500075
2499950
2499900
2500150
2500000
2498925
2501000
2500125
2500025
2499950
2500950
2498900
2500000
2499900
2500975
2500050
2498800
2501350
2499825
2498850
2501225
2500025
2499775
2500100
2498875
2500075
2500925
2500075
2500100
2498925
2501575
2500325
2498600
2499575
2500650
2500800
2499100
2500700
2499475
2499500
2500700
2500875
2499200
2499525
2500800
2500750
2499375
2499475
2499550
2500650
2500550
2499600
2500175
2499650
2500325
2499500
2500775
2499500
2500475
2499500
2500750
2499050
2500375
2499575
2500700
2499500
2500475
2499575
2500750
2500775
2499050
2500800
2499450
2500775
2499275
2499575
2500750
2499425
2500125
2500350
2499825
2499225
2501375
2499200
2500350
2500375
2500025
2499125
2500475
2500300
2500650
2499125
2500375
2499750
2500175
2500375
2500325
2499175
2500125
2499525
2500650
2499575
2499075
2501650
2500325
2499175
2500175
2500300
2500350
2499100
2501225
2499125
2500350
2499150
2501175
2499150
2500350
2500300
2499575
2500325
2500300
2499925
2500025
2499150
2501550
2499000
2500125
2500250
2499100
2500325
2500050
2500275
2500375
2499100
2500150
2500375
2500300
2500350
2500025
2499100
2500350
2500300
2500075
2499025
2500400
2500375
2500025
2500325
2500325
2499150
2499950
2500375
2500225
2500175
2500025
2500300
2499025
2500275
2500000
2500300
2500450
2500300
2500000
2499150
2500325
2500375
2500050
2499075
2500400
2500450
2500075
2499100
2500300
2500375
2500025
2500425
2500350
2499150
2500100
2499100
2501550
2499125
2500000
2500300
2500275
2500350
2499925
2500375
2499075
2499925
2500875
2499400
2499900
2499950
2499650
2499975
2501150
2498800
2500975
2498775
2501200
2486450
2513900
2499950
2499900
2500000
2500775
2498675
2501225
2498750
2499725
2500800
2499975
2499975
2500900
2498750
2501225
2499950
2498625
2501225
2499850
2499900
2500825
2498700
2499975
2501150
2499650
2499850
2500025
2499975
2499600
2501200
2499700
2499575
2499800
2499150
2501050
2499625
2501175
2499600
2499600
2499650
2500925
2499600
2500825
2499525
2499200
2500800
2499550
2499575
2501800
2498325
2500775
2499600
2500425
2499525
2499525
2500800
2500750
2498275
2500825
2500775
2487325
2511825
2500700
2499550
2500500
2499475
2500825
2499475
2500375
2499650
2500750
2498375
2500525
2500775
2499575
2500800
2500225
2499575
2499550
2500800
2499400
2499500
2500825
2499650
2500500
2499500
2500750
2499575
2500475
2499600
2499075
2500750
2500450
2500325
2499475
2499600
2500500
2500725
2498300
2500825
2500450
2500775
2499475
2499475
2500125
2500350
2499925
2500375
2498900
2500400
2500400
2500500
2499925
2499150
2500300
2500300
2500000
2499050
2501525
2499825
2499975
2500350
2498575
2500325
2500125
2500250
2500250
2500225
2500200
2499175
2500250
2500325
2499975
2500325
2500275
2499150
2500150
2500450
2499425
2500275
2500000
2500250
2499200
2500375
2500025
2500375
2500375
2499075
2501150
2499050
2500375
2500375
2498750
2501575
2499200
2500325
2500100
2500450
2499125
2500350
2500225
2500425
2499225
2500600
2499250
2500750
2499500
2500700
2499300
2500325
2499575
2499550
2500425
2500825
2499600
2499600
2500450
2499550
2500675
2499550
2500375
2499450
2500825
2499600
2500450
2499550
2499600
2500725
2500550
2499575
2499575
2500200
2499775
2500775
2498950
2500750
2500575
2499450
2499525
2500675
2500575
2499350
2500425
2500325
2499975
2500275
2499225
2499825
2499975
2500400
2500300
2500375
2500025
2497950
2501600
2500300
2500000
2499075
2500375
2500325
2500000
2500350
2499025
2500425
2500150
2499100
2501050
2500350
2500125
2498550
2501475
2500300
2498825
2500300
2500325
2499375
2500775
2498950
2500100
2501200
2499700
2499550
2500700
2499500
2500575
2499475
2500750
2499450
2499175
2500900
2499600
2500250
2500500
2499425
2500800
2499525
2500875
2499325
2500400
2500025
2499525
2500075
2500125
2500125
2499675
2500125
2500125
2498950
2500975
2500075
2500050
2500050
2499725
2500950
2498825
2501350
2499550
2499600
2500125
2500075
2499900
2500025
2500100
2500125
2500550
2500100
2500075
2498875
2499925
2500825
2500100
2500075
2500100
2499250
2500400
2499250
2501500
2499200
2499225
2500425
2500125
2500500
2500500
2499200
2501350
2499275
2499275
2500500
2500100
2499250
2500425
2499250
2501400
2500500
2499175
2499225
2501375
2499300
2500475
2500475
2499200
2500450
2500375
2499300
2500225
2500475
2499275
2499950
2500225
2500375
2499975
2499250
2500225
2500500
2500525
2499250
2500275
2499225
2500550
2500450
2500325
2499225
2500575
2499975
2500350
2499250
2499250
2501325
2499850
2500000
2500150
2498900
2500500
2500075
2499950
2500075
2501025
2499950
2500075
2499550
2499725
2500050
2500050
2500100
2501000
2498875
2500100
2500000
2500600
2500100
2500125
2499200
2500125
2500400
2499350
2500400
2500150
2500550
2499225
2500525
2500225
2499225
2500525
2500400
2499450
2499375
2500500
2500500
2500025
2499425
2499500
2500700
2500475
2499675
2499500
2499500
2501675
2499525
2499475
2500675
2500050
2499525
2500725
2499025
2500425
2500775
2498350
2500725
2500300
2499575
2500700
2499550
2500475
2499550
2500750
2499475
2500450
2499875
2499500
2500750
2499300
2500700
2499525
2500775
2499225
2499575
2501875
2498225
2500375
2500700
2499550
2499600
2500450
2499625
2500750
2499425
2500325
2500775
2499525
2499525
2500550
2499225
2501600
2499275
2499650
2500350
2500375
2499000
2500150
2500325
2499925
2500325
2500025
2500300
2500300
2499025
2499975
2500150
2500300
2500350
2500200
2499050
2500425
2500275
2499950
2500300
2500250
2500250
2498875
2499850
2500325
2500325
2499950
2499875
2500325
2500300
2498750
2500325
2500400
2499125
2500575
2500250
2500225
2500275
2500375
2499075
2500350
2500275
2500100
2500325
2500325
2499225
2500775
2499100
2499100
2501400
2500800
2498825
2499900
2501125
2499650
2499875
2499950
2499950
2499700
2501075
2498850
2500600
2499850
2499950
2499925
2500550
2498350
2501200
2499925
2499925
2500850
2498700
2501200
2498775
2501125
2500025
2499900
2500000
2499975
2500000
2499900
2499975
2499650
2499975
2501200
2499900
2499650
2500050
2499850
2499900
2499625
2499925
2501175
2499900
2500250
2499250
2500650
2499975
2499875
2498950
2500325
2501450
2498825
2500400
2500275
2499150
2499950
2500375
2500350
2499125
2501250
2499150
2499850
2500400
2500075
2499825
2500300
2500325
2500125
2499150
2500375
2500375
2500000
2500225
2499100
2500275
2500100
2500350
2500375
2499050
2500150
2500375
2500300
2500400
2500050
2499125
2500300
2500275
2500100
2499250
2500300
2500350
2500000
2500375
2500300
2499125
2499950
2499900
2500325
2499200
2501200
2499875
2500000
2499850
2500800
2499900
2499850
2498750
2501150
2498725
2501200
2499975
2500875
2498675
2501200
2499925
2499600
2500025
2499950
2500600
2499625
2499975
2500700
2499900
2499800
2500000
2499825
2499950
2499650
2499900
2501125
2498675
2500850
2499900
2499950
2499425
2501000
2499950
2500300
2499100
2500050
2500300
2500350
2499100
2501225
2499000
2500275
2500275
2499725
2499975
2499850
2500375
2499425
2500250
2499800
2500425
2501450
2498025
2500400
2500475
2500125
2500450
2499275
2500450
2499750
2500000
2499475
2501375
2498825
2500025
2500025
2501275
2499650
2499900
2499950
2501150
2497775
2501325
2500125
2500025
2500525
2498850
2500100
2500050
2499700
2500900
2500000
2500075
2499175
2500025
2500050
2501375
2499775
2500050
2498850
2501425
2499825
2500000
2499225
2500450
2500200
2498725
2501675
2499300
2499600
2500425
2499225
2500550
2499175
2490350
2510550
2499575
2500950
2499125
2500400
2500300
2500025
2499150
2500350
2500375
2499450
2500275
2500300
2500300
2499450
2500025
2501075
2498625
2500900
2499975
2499925
2499925
2500800
2499500
2499950
2499975
2500425
2499950
2499875
2499950
2500850
2500050
2499850
2499975
2499700
2499975
2500025
2500025
2499575
2499975
2501175
2498700
2500350
2500000
2501250
2498925
2500025
2499000
2499875
2501600
2499800
2499850
2499050
2501550
2499525
2499125
2500300
2501450
2498450
2499950
2501250
2498200
2502125
2499825
2499425
2498725
2502050
2498750
2501125
2499950
2499700
2499850
2499975
2500000
2500750
2499875
2499875
2500000
2500850
2498650
2499975
2501175
2499575
2498250
2502275
2499975
2498975
2500325
2500275
2499075
2500600
2500375
2499050
2501650
2498500
2500100
2500075
2500050
2500875
2498300
2501250
2499975
2500475
2500050
2500025
2498825
2500975
2498875
2500025
2501175
2499725
2500025
2500075
2500000
2500475
2500025
2500100
2500050
2499825
2499700
2499725
2500925
2499450
2499675
2500375
2499750
2500550
2499800
2499675
2500850
2500100
2499675
2500875
2499725
2499300
2499675
2500800
2499725
2500650
2499600
2500375
2499700
2500500
2498900
2500175
2500250
2499950
2500200
2500300
2498575
2501350
2500375
2500250
2499150
2500175
2498700
2501550
2499100
2501225
2499150
2500350
2499100
2500750
2500250
2500350
2500250
2499925
2500350
2499000
2499925
2500825
2499375
2500000
2500000
2500375
2498750
2502425
2498725
2500325
2499950
2499925
2499050
2501000
2499225
2501050
2500325
2498875
2500300
2500250
2500375
2499500
2500200
2500225
2500175
2500125
2500300
2499775
2499150
2501225
2499175
2500225
2499950
2500775
2499875
2499875
2499925
2500850
2498700
2499900
2499950
2500800
2498700
2500600
2501175
2499550
2499450
2501075
2499850
2499675
2499925
2499975
2498825
2501375
2500050
2498750
2501200
2500925
2498650
2500750
2499900
2499650
2498975
2501475
2499100
2501125
2499075
2500300
2499075
2501300
2500425
2499100
2500425
2499950
2499025
2500250
2501575
2498700
2500400
2500325
2499100
2501225
2499100
2501525
2497825
2501275
2500325
2499325
2500250
2499875
2500450
2499750
2500275
2501200
2499150
2499150
2501600
2498350
2500425
2500275
2499825
2500000
2500275
2499050
2501200
2499625
2499875
2499950
2501175
2499600
2499975
2500025
2499900
2499500
2499900
2501125
2499975
2499600
2498775
2501175
2499925
2499700
2499875
2501175
2499900
2498475
2499975
2501125
2499950
2499550
2501150
2499975
2500000
2499675
2500000
2499375
2501100
2499650
2499925
2500025
2501200
2499150
2498775
2501100
2499900
2499600
2501050
2499950
2499900
2499650
2500000
2500025
2499950
2500875
2498700
2499975
2501150
2499700
2500050
2499900
2498800
2501025
2500025
2500000
2499900
2499675
2501100
2498675
2501250
2499600
2500025
2499975
2499875
2500400
2499975
2499975
2500225
2499125
2501150
2499300
2500025
2500125
2499925
2499925
2499975
2500900
2499975
2499875
2499950
2499875
2499875
2499950
2499975
2500925
2498675
2501175
2500000
2499675
2499950
2499975
2501100
2499125
2499925
2499975
2499975
2499550
2501150
2499925
2499975
2499700
2499950
2499500
2501225
2499575
2500100
2499950
2499975
2500625
2498600
2501275
2498725
2500800
2499975
2498800
2501175
2499625
2499900
2499950
2501200
2499650
2499975
2499950
2500000
2499675
2500025
2500000
2501100
2499925
2498750
2499875
2501275
2499875
2499975
2500050
2498725
2500950
2499975
2500000
2499925
2499675
2501200
2499975
2499900
2499700
2499875
2500000
2500000
2500800
2500000
2499950
2498750
2500200
2500725
2500575
2499375
2499675
2500275
2499150
2501475
2498825
2500300
2500375
2500375
2499975
2499150
2501525
2499100
2499600
2500350
2500400
2499050
2501225
2499175
2500400
2499850
2500050
2500325
2500325
2499900
2499575
2499450
2501225
2499975
2499650
2500000
2500025
2499975
2499875
2499975
2499975
2499875
2499650
2501175
2499350
2500025
2501025
2499400
2500000
2500000
2500475
2499075
2500425
2499575
2500275
2500100
2500000
2500050
2501125
2499500
2500000
2500100
2499675
2498825
2501375
2499975
2499700
2500000
2500000
2500025
2500975
2498850
2500025
2501225
2499750
2498825
2501300
2498850
2500900
2498850
2500100
2500825
2498825
2500725
2499500
2500350
2500750
2499575
2499650
2500725
2500300
2499500
2499575
2500800
2500425
2498375
2500750
2500650
2500050
2500300
2500375
2499150
2500050
2500300
2499850
2499125
2501275
2499175
2500350
2500325
2500000
2500325
2499100
2501475
2500175
2499075
2500400
2500350
2499250
2500300
2500400
2500425
2499950
2499450
2500150
2499950
2499225
2500000
2501100
2499925
2499700
2500050
2499975
2499975
2499675
2499325
2501175
2499950
2499575
2499950
2501200
2499925
2499300
2500050
2499900
2501200
2499675
2498725
2500075
2501225
2499650
2499925
2500025
2499900
2499750
2500000
2500000
2500650
2499800
2499675
2500925
2498825
2499825
2501225
2498350
2501225
2499700
2500800
2498850
2501275
2499650
2500175
2498750
2501350
2499825
2498800
2500825
2500000
2501100
2498825
2500125
2501300
2498525
2500075
2499725
2500950
2499325
2500975
2499575
2500325
2499450
2500925
2499275
2500900
2499325
2500400
2499650
2500900
2499550
2498850
2500125
2501200
2499825
2498800
2500125
2501275
2499850
2500100
2498325
2501300
2499975
2499825
2500350
2499200
2500825
2500300
2500250
2499050
2500925
2499850
2500000
2499400
2500875
2499950
2499425
2500050
2500900
2498650
2501200
2499900
2499725
2499975
2500025
2499975
2499725
2501175
2498250
2501200
2500800
2498800
2499975
2501150
2499650
2498975
2500350
2500225
2500075
2499150
2500275
2500450
2499950
2500350
2500350
2500300
2498800
2500325
2501450
2499125
2500025
2499200
2500325
2500350
2500050
2500125
2498875
2500025
2500925
2500075
2500000
2500050
2500450
2500050
2500075
2500025
2499200
2500300
2500425
2499225
2501050
2499100
2500350
2499800
2500475
2500300
2499825
2500325
2498950
2500450
2499175
2501525
2499550
2500350
2500250
2499100
2500925
2499075
2500325
2500275
2500275
2499150
2501000
2499150
2500900
2499150
2500375
2499075
2500850
2500325
2499200
2500475
2501000
2500275
2499125
2500200
2499975
2499050
2501500
2499075
2499775
2500400
2500250
2500000
2499900
2500000
2499900
2499975
2500300
2499300
2501425
2498725
2500300
2500250
2500350
2500350
2498175
2501650
2500350
2499050
2499575
2501175
2498825
2501150
2500450
2498775
2499950
2499975
2500575
2498875
2500000
2501075
2500200
2499875
2501175
2498675
2499875
2501175
2500000
2498700
2501450
2500000
2498750
2501175
2499300
2499900
2500750
2499425
2500025
2500875
2499450
2500725
2499475
2499525
2500725
2499600
2499875
2500250
2498325
2501925
2499200
2500200
2500750
2499450
2500425
2499525
2500675
2499900
2499925
2500000
2499950
2500050
2500350
2499900
2499925
2499925
2499900
2501025
2498650
2499925
2500325
2500000
2500025
2500775
2499375
2499900
2499950
2499950
2500975
2498675
2501225
2499975
2499550
2499875
2499950
2501075
2498600
2500675
2500850
2500225
2499275
2499500
2500200
2500700
2499225
2500775
2499575
2500825
2499100
2500800
2499475
2499525
2500725
2500325
2499900
2500350
2500150
2499175
2499425
2500750
2499250
2500225
2500800
2499450
2500000
2499550
2500750
2499600
2500525
2499525
2500250
2499600
2500450
2500725
2499150
2500400
2499975
2500425
2499100
2501575
2499475
2499175
2500425
2500375
2499975
2500425
2498650
2500400
2498850
2501525
2500375
2500300
2498775
2500375
2500425
2499200
2501175
2500325
2499200
2500350
2500075
2500300
2499875
2499100
2501150
2499150
2500275
2500475
2499225
2499525
2500725
2499550
2501600
2499675
2499000
2500775
2500450
2498250
2500700
2500750
2499200
2500275
2500750
2499550
2500500
2499475
2500775
2499450
2499250
2500725
2500325
2499650
2500375
2499475
2500400
2500375
2500100
2499250
2500350
2499100
2500475
2500375
2500400
2500400
2498950
2500375
2499825
2500400
2498875
2501100
2499225
2501600
2499000
2500700
2499925
2499100
2501425
2499225
2499150
2501075
2500000
2500325
2499200
2499275
2499950
2500425
2501600
2499125
2500000
2500300
2499175
2501100
2500050
2499100
2500300
2499925
2500125
2499975
2500000
2501200
2499425
2499800
2500375
2499125
2500575
2500450
2500300
2499075
2500250
2500400
2500450
2499175
2500025
2499925
2500350
2500425
2498700
2501000
2500225
2500325
2498750
2500375
2500300
2499600
2499350
2500875
2499675
2500925
2498300
2500925
2499625
2499650
2500400
2500725
2499675
2500875
2500125
2499450
2499475
2500725
2499375
2500775
2499500
2500800
2500550
2499025
2499525
2500800
2499975
2499525
2499550
2500700
2500700
2499500
2499525
2500725
2499300
2500800
2499575
2500725
2499925
2499875
2500400
2499075
2501325
2499125
2499150
2499800
2501175
2499950
2499925
2499950
2500925
2499800
2499475
2499925
2500800
2498825
2501100
2499975
2498925
2499375
2500700
2500500
2500275
2499425
2500525
2499375
2500375
2498625
2501475
2499100
2501250
2500475
2499025
2500325
2498900
2499825
2501525
2499900
2500025
2500325
2499050
2501100
2499700
2499975
2499950
2501125
2499625
2499925
2498700
2500050
2500900
2499875
2500000
2500000
2500925
2498775
2500700
2499950
2499725
2500750
2499950
2499975
2499575
2500000
2500000
2500650
2500050
2500025
2499250
2500575
2499150
2499275
2501150
2499175
2501275
2499100
2500350
2500300
2500050
2499075
2500325
2499800
2500000
2501525
2498575
2500275
2501150
2499125
2500250
2500350
2500025
2499050
2500450
2501600
2499325
2499875
2499925
2498875
2501300
2499875
2499400
2501100
2499700
2500100
2500000
2499900
2499825
2499900
2499925
2499825
2500825
2499900
2499850
2500000
2500675
2499400
2500050
2499875
2500200
2500425
2499125
2500350
2499550
2500300
2500325
2500300
2500075
2499075
2499775
2501475
2498850
2500225
2500275
2500225
2498925
2501075
2500250
2499100
2501475
2499025
2501275
2498675
2500825
2500000
2499850
2499975
2499600
2499950
2499950
2501150
2499600
2499575
2501075
2498750
2500600
2499975
2499975
2500000
2499700
2499900
2500000
2501125
2499600
2499975
2500000
2499925
2499675
2501200
2498800
2499950
2500300
2500250
2499900
2499750
2499525
2501225
2499275
2501175
2499425
2500000
2499900
2500075
2500325
2499875
2499900
2499925
2500550
2498725
2501050
2500025
2499375
2499950
2500200
2500300
2500450
2499075
2500350
2500275
2499550
2500200
2500350
2499775
2500025
2499075
2500325
2501525
2498750
2500225
2499900
2500325
2500000
2500275
2500225
2500325
2500125
2499900
2499975
2499550
2500825
2499950
2498700
2501075
2499750
2499950
2500050
2499850
2499650
2501150
2498625
2501175
2499150
2499875
2499975
2499450
2501025
2500000
2499925
2499975
2500725
2498950
2500250
2500275
2499950
2500325
2500250
2498600
2500050
2501450
2500300
2499100
2501225
2499075
2500225
2499100
2499950
2501425
2500325
2499050
2501225
2499125
2499025
2501075
2500000
2500225
2500350
2499075
2501275
2498000
2501500
2500325
2498800
2499800
2500375
2500350
2498725
2501525
2500425
2499025
2500925
2499975
2499950
2500000
2500750
2498675
2501175
2498750
2500875
2499475
2499975
2501125
2499350
2498700
2501175
2499300
2501125
2499875
2500175
2500325
2499000
2499850
2500350
2500275
2500075
2499050
2500400
2500325
2500025
2500375
2500300
2499025
2501250
2499100
2499800
2500250
2500150
2498625
2501475
2500300
2500425
2487225
2512775
2498700
2501325
2498950
2499875
2501275
2499850
2499975
2498800
2501175
2499675
2499925
2499875
2500050
2500950
2499925
2498650
2501250
2499675
2498850
2501225
2499925
2500850
2498775
2501200
2498700
2500825
2500025
2499850
2500000
2499075
2501100
2499975
2499400
2500925
2500000
2499900
2499975
2500625
2499475
2498750
2501200
2499900
2499175
2500300
2500325
2499550
2500400
2500275
2500200
2500725
2499150
2499825
2500250
2499950
2500200
2500300
2500250
2500075
2499075
2500350
2500200
2499575
2499875
2501175
2498200
2502100
2498725
2500600
2499975
2499675
2500575
2499950
2498800
2502025
2498775
2499975
2500325
2500050
2499125
2499850
2501550
2498750
2500350
2500275
2500300
2500125
2499900
2500350
2499000
2500800
2500325
2499125
2500300
2500850
2499900
2500000
2499900
2499675
2499450
2501125
2499900
2498350
2501150
2499925
2499850
2500200
2499975
2499975
2500000
2500800
2498775
2501175
2499900
2500775
2498150
2501250
2499950
2498625
2501500
2500350
2498650
2501225
2500350
2499075
2500400
2500050
2500300
2499125
2500300
2500775
2499775
2500250
2500375
2499600
2499025
2501625
2498975
2500800
2498825
2500650
2500000
2499625
2501150
2499450
2498725
2500875
2499975
2498775
2501200
2500300
2500025
2500025
2498925
2501275
2499175
2499825
2500350
2501150
2498650
2500375
2500200
2500075
2499950
2500225
2500325
2499950
2499950
2500100
2499325
2500900
2499950
2499950
2499950
2500775
2499375
2498775
2501225
2499650
2500025
2501150
2498725
2500775
2499975
2499950
2499400
2500775
2498775
2501500
2499075
2501025
2499175
2500275
2500225
2499575
2500300
2500325
2499825
2499925
2500325
2499775
2500325
2499875
2500125
2499550
2500050
2500025
2500075
2500000
2500075
2501000
2498875
2500075
2500825
2499750
2500125
2499550
2500075
2500875
2498750
2500100
2500025
2500925
2498825
2500075
2501400
2498650
2500075
2501300
2499150
2500250
2500575
2498725
2500450
2500400
2499300
2500550
2500400
2499675
2500475
2499250
2500525
2500150
2499275
2500450
2499250
2500250
2500500
2500025
2500450
2500400
2499000
2500150
2500250
2501025
2500025
2498750
2499600
2500875
2499500
2500900
2499000
2500750
2499500
2500225
2499575
2500475
2500775
2499575
2499500
2500775
2499850
2499850
2499450
2500750
2499875
2499900
2499825
2499650
2501050
2499900
2499900
2500725
2498700
2501075
2499925
2499000
2501050
2499900
2498700
2500800
2500000
2499825
2499825
2500800
2499900
2499825
2501075
2499450
2499875
2499800
2499800
2500725
2499800
2499950
2499375
2500775
2499950
2498850
2501100
2499550
2499925
2500825
2500800
2499200
2500825
2499525
2499050
2501525
2499600
2499475
2500225
2499325
2500850
2499575
2500800
2499550
2500425
2499525
2499525
2501250
2498325
2500700
2500975
2499700
2499825
2499850
2499900
2499675
2499900
2501050
2499850
2499850
2499975
2499775
2499925
2500350
2499925
2499875
2499250
2500900
2499900
2499925
2501125
2498450
2500600
2501000
2499850
2499650
2499700
2500725
2499575
2500575
2498350
2500750
2500725
2500325
2499575
2499575
2500875
2499475
2499150
2500800
2500700
2499025
2499550
2501975
2499575
2500400
2499550
2499500
2499475
2501875
2498300
2500225
2500775
2500100
2499325
2500475
2499275
2499675
2500450
2500575
2499950
2500200
2499225
2499875
2500575
2500000
2500275
2500300
2499825
2499800
2499450
2501050
2499900
2500425
2498325
2501375
2500325
2500275
2499125
2499900
2500300
2500000
2500300
2499050
2500275
2501325
2497800
2501175
2500000
2499875
2499875
2499950
2500575
2499925
2499900
2500625
2499950
2499700
2499425
2499975
2499950
2501025
2498625
2501250
2500000
2499675
2500000
2499850
2499950
2500850
2499925
2499975
2499875
2499450
2501150
2499900
2500025
2500050
2499175
2499125
2501525
2499800
2499925
2500000
2500100
2499775
2500000
2500775
2500050
2498550
2501275
2500125
2499950
2499600
2500075
2500050
2500100
2499675
2500025
2500725
2500050
2499825
2499525
2500125
2500025
2499775
2500025
2500050
2500025
2499700
2500875
2499675
2500375
2500750
2499600
2499650
2499625
2500550
2499650
2500900
2499600
2500700
2499150
2499750
2499725
2501275
2498650
2501075
2499975
2499575
2499925
2499350
2501200
2501050
2498650
2499975
2499900
2500775
2499925
2499975
2499125
2500325
2500550
2499125
2501025
2500325
2499175
2500350
2503825
2496625
2500300
2499075
2504025
2496725
2499175
2500375
2499800
2500100
2500375
2499050
2500400
2500025
2499225
2501500
2499150
2500025
2499875
2500400
2503725
2495475
2501700
2499100
2503750
2496775
2500400
2499225
2503675
2496750
2499100
2501200
2503325
2496925
2499925
2499900
2503275
2496225
2501050
2499900
2502675
2497475
2498700
2500775
2503175
2496225
2500300
2500350
2502450
2497575
2500350
2500375
2501925
2496600
2500475
2500425
2502500
2497950
2499175
2499175
2505075
2495450
2499875
2501600
2502550
2496550
2499875
2501200
2502775
2496275
2499900
2499425
2503200
2497475
2499875
2500700
2503300
2496250
2499950
2499925
2503275
2496275
2501100
2499850
2503300
2497525
2498675
2500375
2505975
2494425
2499600
2499975
2511350
2489400
2499300
2500475
2504575
2495675
2499250
2500600
2502325
2498050
2499275
2500475
2502750
2496850
2501300
2499325
2502675
2496700
2501250
2498900
2502200
2498300
2500075
2500025
2502150
2497550
2500100
2500150
2504200
2496675
2498625
2500275
2503475
2497200
2488525
2511050
2505975
2493575
2501375
2498925
2502250
2498825
2500150
2498875
2502250
2497575
2500825
2500000
2501000
2499675
2500175
2498875
2501200
2499275
2500475
2498725
2501500
2499300
2500025
2500450
2500125
2499200
2500475
2499950
2500075
2500550
2498775
2500075
2502775
2497550
2500150
2500025
2501100
2498850
2500025
2500075
2501050
2500050
2498875
2500075
2500950
2500025
2498850
2500100
2501000
2498450
2501350
2499575
2499850
2501250
2498875
2501325
2498800
2500075
2500150
2500175
2499225
2501275
2500125
2500125
2498700
2501325
2498800
2500375
2500200
2500450
2498775
2500500
2500225
2500100
2500475
2499275
2499850
2500500
2500475
2500400
2498950
2500550
2499200
2500500
2500175
2500525
2499025
2501350
2499700
2499600
2500050
2500175
2499950
2500100
2500175
2499600
2499900
2500200
2499975
2498925
2501050
2500150
2500150
2498875
2501050
2500800
2498825
2500100
2499750
2501350
2498925
2500350
2500200
2500350
2499225
2500500
2498850
2500800
2500125
2500050
2499975
2499875
2501150
2499875
2498525
2500375
2500300
2499525
2500350
2499950
2500650
2499925
2499575
2501150
2499975
2498750
2499975
2500450
2499125
2501625
2498825
2500400
2500425
2500300
2500150
2499125
2499900
2500450
2501200
2498625
2500450
2499150
2500850
2500300
2499150
2500200
2501050
2499925
2498325
2501175
2500925
2500050
2498625
2499950
2501125
2499650
2499775
2500750
2500025
2499875
2500025
2499350
2500800
2499075
2501050
2499075
2500175
2500300
2500025
2499150
2500200
2500425
2500400
2500300
2499975
2500000
2498925
2501175
2499775
2499975
2499975
2499925
2499925
2499975
2500075
2500025
2499700
2501125
2498775
2499950
2500825
2499975
2500275
2499925
2499475
2500150
2499900
2499950
2499700
2501150
2499950
2499925
2499175
2500000
2501075
2499500
2499800
2499925
2500325
2499900
2499800
2501225
2498775
2501225
2499700
2499850
2499975
2499950
2499800
2500075
2499950
2500075
2500700
2499975
2498750
2501175
2499625
2500025
2499900
2499950
2500850
2499650
2499925
2499975
2500125
2500375
2499100
2500300
2499425
2501375
2498775
2501300
2499925
2498825
2500775
2500150
2499275
2500025
2500075
2500025
2500975
2500100
2499975
2500000
2499875
2500025
2499400
2499675
2500675
2499650
2500000
2499950
2500475
2500075
2498850
2501225
2499700
2500025
2500100
2499925
2500700
2499625
2499600
2500850
2499475
2500425
2499700
2499725
2500700
2499700
2500950
2499225
2500625
2499675
2499650
2501050
2499325
2499675
2500900
2498525
2500575
2499675
2500925
2499650
2500725
2499675
2499600
2499750
2500700
2499725
2499675
2500900
2499375
2501000
2499750
2499675
2499275
2500900
2499750
2499575
2500650
2499675
2499800
2500875
2499275
2499825
2500400
2499675
2499425
2501225
2500025
2500100
2499675
2500050
2500075
2500225
2500275
2499250
2500325
2500075
2499775
2500150
2500000
2500000
2499875
2500100
2500025
2500025
2499800
2501300
2498875
2500250
2500500
2500050
2498400
2501250
2499800
2500025
2498850
2501225
2500925
2498850
2500075
2501175
2499750
2498875
2499975
2501350
2499100
2500050
2500375
2499825
2499925
2499850
2500325
2499100
2501600
2500025
2498725
2500000
2499900
2501600
2499125
2499825
2499975
2500125
2499600
2501250
2499775
2499125
2500375
2500375
2500175
2500175
2498725
2501250
2499775
2500250
2499200
2500350
2500025
2500075
2499950
2500975
2499425
2499475
2501200
2499925
2498400
2502175
2498425
2500875
2499475
2501150
2499450
2499975
2499725
2499725
2500350
2499800
2499575
2501200
2499900
2499925
2499725
2501025
2498400
2500975
2499425
2501125
2499250
2499275
2501425
2499575
2500125
2500100
2498550
2501050
2499150
2501525
2498400
2501350
2500050
2499425
2500550
2499975
2498875
2501125
2499725
2499725
2499725
2500875
2498875
2501200
2500000
2500050
2499750
2501050
2498400
2500925
2499425
2501150
2499100
2500325
2500000
2500075
2500075
2498850
2499775
2501675
2499125
2500350
2500050
2500075
2500050
2500050
2500400
2499075
2500375
2500425
2499425
2500750
2500125
2498850
2500575
2501450
2497875
2501600
2498800
2500025
2500050
2501225
2499850
2500325
2499125
2500325
2500100
2500125
2499100
2500050
2500900
2500300
2500300
2500200
2498875
2501175
2498775
2501125
2499425
2500000
2499975
2500000
2500625
2499975
2499950
2498600
2500800
2501000
2498425
2500875
2499500
2499950
2501200
2498675
2500875
2499800
2499800
2499725
2500650
2499925
2499950
2501125
2499600
2499575
2499725
2499750
2500675
2499975
2499975
2500025
2499675
2499725
2501000
2499700
2500100
2500100
2499950
2499425
2500875
2499675
2499700
2499775
2500600
2499925
2500025
2501100
2499600
2499675
2499650
2499800
2500150
2500000
2501175
2499125
2499925
2500100
2499575
2500075
2499725
2500425
2499100
2501600
2500100
2500250
2499975
2500500
2499400
2499725
2499600
2500325
2500700
2498675
2501175
2499925
2499675
2499650
2500825
2499675
2500575
2498800
2499925
2501150
2499825
2499725
2499700
2500900
2498200
2501150
2500000
2499975
2501000
2499925
2498650
2500875
2500325
2499950
2499975
2500200
2500050
2500025
2499525
2500100
2499725
2500325
2499775
2500300
2500100
2498825
2501275
2500075
2500450
2500275
2499100
2500125
2499700
2500950
2499600
2499675
2500700
2499525
2499925
2500000
2499525
2501150
2499900
2500000
2499200
2501200
2498800
2501125
2499675
2499975
2499975
2499900
2499775
2499950
2500050
2499925
2499250
2501175
2499875
2500000
2499125
2501525
2500325
2499500
2499600
2499925
2500150
2499100
2501200
2500300
2499125
2500375
2500075
2499900
2499975
2500725
2499725
2500000
2499900
2500025
2499900
2500000
2501325
2498775
2499725
2500075
2499975
2501175
2499550
2499850
2499950
2499350
2500875
2501200
2498250
2501125
2498300
2501275
2499975
2499975
2499675
2499950
2499975
2501225
2498425
2501525
2499175
2499800
2927550
2072200
2500525
2500400
2499250
2500550
2500500
2499300
2500200
2500350
2500300
2499175
2499575
2501600
2499125
2499750
2500050
2500375
2500275
2499150
2501275
2500300
2499200
2500275
2498975
2501725
2499200
2499800
2500300
2500275
2499175
2499500
2500150
2501250
2500025
2498850
2500550
2499800
2500400
2500350
2499475
2500475
2500450
2499275
2500075
2500500
2499300
2500450
2500275
2500400
2498600
2500350
2500000
2500250
2500000
2501175
2498750
2501250
2499900
2500025
2499575
2499975
2498725
2501225
2763975
2235900
2501150
2498800
2500075
2499950
2500025
2499975
2500300
2499925
2499875
2500625
2499300
2496925
2508400
2495575
2498800
2499525
2501900
2499375
2500175
2500325
2500150
2499650
2499800
2500275
2500300
2499150
2500025
2500400
2500300
2500350
2498750
2500475
2500450
2500450
2498350
2501575
2499200
2499800
2501150
2499250
2499425
2500825
2499100
2500675
2499525
2500725
2500525
2499025
2499550
2502025
2499075
2500675
2499575
2499475
2500625
2499550
2500275
2499650
2500450
2500175
2499625
2500700
2499850
2499500
2500450
2500275
2500050
2499150
2500350
2500250
2500075
2500300
2499200
2500400
2500050
2500275
2500325
2499275
2500050
2500325
2500300
2500325
2499075
2500375
2500325
2499800
2499825
2500300
2499825
2499125
2501550
2499125
2499250
2501600
2498825
2500375
2499075
2501600
2499325
2500300
2499450
2500775
2500450
2499425
2499025
2500800
2500125
2499925
2499950
2501250
2498650
2501175
2498850
2500000
2499725
2501250
2498850
2500075
2500900
2500025
2500000
2500100
2499450
2500725
2499025
2499525
2500275
2500725
2500675
2499025
2500450
2500700
2499475
2499475
2500450
2499525
2499500
2500775
2499325
2500675
2499450
2500700
2500525
2500725
2499600
2499475
2498750
2501525
2498625
2501525
2499950
2500275
2499175
2500400
2499950
2500375
2500375
2499800
2499850
2500400
2499175
2499800
2501375
2499175
2499175
2500325
2500050
2500275
2500300
2500325
2498950
2501625
2499125
2499500
2500425
2500700
2499525
2500775
2499325
2499550
2499475
2502000
2499175
2500200
2499575
2500725
2499250
2499600
2500675
2500775
2499625
2499525
2499550
2500700
2499400
2501550
2499350
2499450
2500325
2500775
2499500
2499425
2500525
2500725
2498250
2501500
2499225
2500800
2499475
2500750
2499275
2499550
2500775
2499525
2499750
2501150
2498725
2500450
2500825
2500350
2499025
2499450
2500950
2500825
2498325
2501425
2499950
2499775
2500525
2500325
2498875
2500775
2499500
2499525
2500400
2500750
2499400
2499450
2500275
2500825
2499550
2499525
2500525
2499750
2498775
2502325
2497950
2501175
2499925
2500025
2499200
2500775
2499525
2500800
2500725
2498500
2500300
2500300
2500050
2499825
2500250
2500275
2498925
2501525
2499125
2500400
2500025
2500275
2500275
2500250
2500050
2499025
2500300
2500325
2498675
2501675
2498075
2501550
2499975
2500350
2499025
2500300
2500025
2500350
2500375
2499150
2500100
2500250
2499875
2500075
2499700
2500000
2501175
2499375
2499675
2501150
2498750
2501175
2499600
2498775
2501200
2499300
2500775
2500000
2499900
2501175
2499125
2500025
2500025
2498675
2500925
2501075
2499950
2499000
2501100
2498675
2500325
2500350
2499950
2500275
2500300
2499100
2500050
2500275
2499150
2500250
2501275
2500450
2499125
2500425
2500000
2499100
2501125
2499025
2500675
2499150
2500350
2500300
2500000
2500200
2500350
2499075
2500975
2500000
2499350
2501100
2499675
2499975
2499975
2499925
2499325
2500050
2501200
2499975
2499775
2499900
2498775
2501175
2499925
2499975
2499975
2500075
2500675
2498750
2501150
2499975
2499700
2500050
2500075
2500850
2499575
2499950
2499400
2499950
2500950
2499225
2499300
2500450
2500050
2499825
2500375
2499075
2501275
2500325
2499125
2500300
2500225
2500225
2500275
2499125
2501275
2499175
2500375
2500250
2498325
2500350
2501525
2499100
2500825
2499100
2500375
2499050
2501275
2500325
2499000
2500350
2500075
2500225
2499875
2500000
2500300
2499975
2499875
2500000
2500750
2499875
2499950
2499900
2499950
2500025
2499950
2499900
2499725
2499925
2499900
2499950
2500675
2499875
2499950
2500625
2499625
2499950
2499925
2499950
2500975
2499925
2498700
2501200
2499600
2500050
2499950
2499925
2499575
2500175
2500250
2499850
2500150
2500375
2500325
2498575
2501425
2498600
2501475
2500300
2499975
2499000
2500325
2500175
2499925
2500325
2499100
2499200
2501600
2500375
2499075
2499925
2500850
2500625
2499875
2499925
2499625
2498775
2501200
2499950
2499775
2499825
2501150
2498750
2500750
2500050
2499850
2500025
2499650
2499925
2499850
2501200
2499550
2499450
2501125
2499850
2499600
2499900
2499500
2501100
2499775
2499975
2498675
2501125
2499675
2501125
2499925
2499900
2499675
2499900
2499950
2500025
2500900
2499950
2499850
2499850
2499850
2498950
2501625
2499100
2499950
2499825
2500350
2500350
2499975
2500400
2500250
2499150
2501150
2499000
2500325
2500275
2499050
2500375
2500325
2500325
2499900
2500250
2500300
2499025
2499575
2501500
2499000
2499075
2501400
2499075
2500375
2500300
2500000
2499775
2500325
2500275
2499925
2499950
2499925
2500600
2499550
2499900
2501150
2499900
2499575
2499850
2499400
2500000
2500875
2498825
2501525
2499050
2500450
2500000
2498750
2501100
2499850
2501250
2499375
2499975
2499725
2498975
2501475
2500350
2498825
2499825
2501475
2499125
2499425
2501500
2499075
2500300
2500125
2500350
2499075
2500250
2499975
2500275
2500300
2499075
2499500
2501575
2499100
2501425
2498800
2499875
2501125
2487700
2512200
2499900
2500000
2499975
2499725
2499825
2501150
2499925
2499300
2501100
2498700
2500025
2500825
2499850
2499975
2499975
2499675
2499875
2500675
2499925
2499675
2500675
2499925
2498675
2501350
2500000
2498750
2500275
2501250
2499125
2500325
2499100
2501400
2500425
2499025
2500325
2500200
2500250
2499450
2500200
2500200
2499150
2500300
2500375
2500125
2500400
2499825
2499100
2500025
2501000
2499100
2501500
2498750
2500275
2500375
2500300
2499300
2500325
2499175
2500725
2500800
2499025
2499825
2500400
2499900
2500375
2499200
2500250
2500100
2500250
2500350
2500375
2499950
2499150
2500275
2500325
2500100
2499150
2500350
2500350
2500100
2500225
2500275
2499075
2500175
2500425
2499125
2501500
2499625
2499925
2499450
2499975
2501025
2499175
2500450
2500300
2500075
2500325
2499125
2500400
2498750
2501625
2499050
2500300
2500600
2499250
2499900
2500375
2500425
2500300
2499100
2500450
2499975
2500300
2500350
2499125
2499525
2501500
2499150
2500375
2500000
2500300
2499250
2500425
2500225
2500325
2500200
2500425
2499125
2499500
2500775
2499575
2500400
2499525
2499600
2500225
2500575
2499500
2500225
2500750
2499250
2500300
2499475
2500875
2500450
2499475
2499575
2500825
2499225
2500825
2499400
2499525
2499350
2501875
2498200
2501500
2500125
2499850
2500325
2499050
2501300
2499200
2500400
2500325
2499550
2499175
2500450
2500400
2500075
2498650
2500400
2501550
2498825
2500350
2500350
2500350
2499525
2500375
2499075
2500300
2500175
2500300
2499450
2500675
2500475
2498950
2500750
2499550
2500500
2499500
2499625
2500675
2500475
2499450
2500750
2499075
2500400
2499550
2500250
2500725
2499225
2500700
2500300
2499175
2500775
2500425
2499100
2500300
2499950
2499175
2501500
2497825
2502475
2499100
2500300
2500375
2498850
2500500
2500425
2499100
2500200
2500425
2500350
2500300
2500250
2499200
2500425
2500350
2499075
2499700
2499700
2500875
2500175
2499650
2500250
2500250
2498800
2501450
2499200
2500825
2499700
2500000
2500100
2500050
2499750
2499425
2500025
2499975
2501050
2500075
2500075
2499950
2499150
2500100
2500000
2501200
2499800
2498825
2501250
2500025
2499600
2500075
2500075
2500025
2499775
2500050
2500025
2500450
2499650
2500000
2500750
2499750
2499600
2499700
2500350
2500900
2498475
2500525
2499875
2500950
2499475
2499625
2499800
2499725
2501950
2498500
2500825
2499600
2499500
2500750
2499700
2499675
2500950
2499975
2500050
2499975
2499125
2500075
2500025
2499575
2501425
2498800
2500025
2501225
2498725
2500125
2500025
2500000
2501050
2500000
2500050
2500000
2499925
2500075
2499900
2500000
2499700
2500000
2499975
2500050
2500950
2498800
2501325
2498800
2499725
2501300
2500100
2500150
2499725
2500100
2498875
2499950
2501050
2500075
2500050
2500025
2499825
2500025
2500000
2500000
2499725
2499950
2500025
2500100
2501125
2498850
2500025
2500075
2499750
2500025
2500100
2501150
2498575
2500050
2501250
2500050
2499825
2500050
2500050
2498800
2500925
2500125
2500050
2500150
2499725
2500025
2499975
2500100
2500900
2498850
2500075
2499975
2501025
2498850
2499950
2500800
2499750
2500125
2499550
2500075
2501000
2499975
2500050
2500050
2499750
2500025
2500050
2500075
2499700
2500025
2498825
2501275
2733900
2266175
2500450
2499125
2500275
2500300
2499175
2500350
2501075
2499525
2499625
2500850
2499325
2500825
2499575
2499450
2500150
2500325
2500350
2499175
2501275
2499175
2499200
2500400
2500725
2500250
2500325
2499100
2501350
2499150
2499125
2500400
2500050
2500375
2500350
2499150
2500075
2500275
2500425
2500300
2500200
2499750
2499700
2499750
2500750
2499875
2498850
2501200
2500175
2499675
2500350
2499175
2500200
2500275
2499125
2501600
2498875
2500350
2500250
2498650
2500250
2501550
2499875
2500375
2498825
2500400
2499175
2501525
2498850
2500275
2500350
2500425
2498750
2501575
2499100
2500275
2500800
2500000
2498300
2501275
2500725
2498675
2499950
2499875
2501025
2499925
2498825
2501225
2499700
2499950
2501125
2499925
2499700
2498750
2501500
2500000
2499725
2498775
2501150
2500025
2499975
2500300
2499125
2501025
2500050
2499150
2500300
2500250
2498975
2500275
2499850
2501525
2499325
2500025
2499975
2501125
2498600
2499400
2501200
2499400
2499700
2500000
2501175
2499925
2499600
2500025
2500075
2501075
2499625
2499925
2499950
2498825
2501450
2500025
2500000
2499075
2500150
2500250
2500350
2500375
2499675
2498625
2501575
2499050
2500725
2499125
2500300
2499850
2500000
2500275
2499200
2501450
2499000
2500375
2500350
2500325
2499225
2501525
2498525
2500300
2500125
2499950
2500025
2501225
2498450
2501225
2499950
2500000
2483375
2503650
2500125
2512225
2499450
2501175
2487800
2512150
2500475
2499400
2487750
2511650
2501150
2500025
2487775
2512250
2499850
2500000
2487775
2512225
2498975
2501225
2487750
2511100
2501150
2499550
2487725
2512150
2501125
2499900
2486525
2513400
2499725
2500050
2487700
2512250
2499575
2499925
2487775
2513450
2498550
2500750
2487125
2512800
2500175
2500350
2487275
2512525
2500250
2498950
2488075
2512500
2500250
2500450
2486925
2513025
2500800
2499425
2488450
2512050
2499675
2499275
2488300
2512650
2499850
2499875
2487125
2512750
2499525
2499275
2488300
2512625
2500325
2499900
2488300
2512800
2499100
2499325
2488400
2512700
2499650
2499900
2488300
2511425
2499125
2502025
2487325
2512125
2499750
2500100
2488275
2512725
2499250
2500475
2487025
2512775
2499100
2501100
2487075
2512800
2499600
2500425
2487575
2512600
2500400
2500200
2487100
2512625
2499975
2499300
2488375
2512675
2497675
2501675
2487100
2512775
2500650
2499275
2488225
2512625
2499700
2499275
2488375
2512650
2499550
2499200
2488625
2512975
2499875
2498950
2488575
2511675
2499875
2500475
2487125
2512950
2500350
2498725
2488250
2513900
2498575
2500475
2486975
2512725
2500650
2499325
2488475
2512675
2498925
2500400
2500525
2499275
2500250
2500550
2499250
2500475
2500300
2499375
2500450
2499950
2500250
2499225
2500550
2499975
2500050
2500500
2499300
2500425
2500175
2499300
2500475
2500500
2499150
2500550
2499275
2499300
2501625
2499375
2500050
2500500
2498875
2500525
2499250
2501700
2499150
2499450
2500750
2500600
2499175
2500650
2499400
2501150
2499150
2499525
2501050
2500300
2498950
2500350
2500325
2500400
2498825
2500325
2500325
2500200
2500175
2500350
2499175
2499925
2499975
2500325
2499950
2500275
2500075
2500350
2499200
2500350
2500050
2500400
2499150
2500350
2501250
2499075
2500350
2500400
2498900
2500450
2500300
2500400
2500150
2500325
2499150
2500275
2500175
2499150
2500325
2500375
2498775
2501650
2498150
2500700
2500425
2500650
2499000
2500750
2499475
2500050
2499625
2501175
2498575
2501300
2499975
2499600
2499825
2500025
2500000
2500050
2499700
2501250
2498850
2501175
2499775
2499925
2500075
2500100
2499700
2500175
2500025
2498775
2500650
2500875
2499225
2501000
2499375
2499650
2500425
2500875
2498900
2499775
2500875
2499725
2499675
2500075
2499525
2500775
2499550
2500425
2499975
2500475
2499000
2500025
2500500
2500525
2499125
2500900
2499750
2499700
2500650
2499675
2499750
2499700
2500550
2499775
2499675
2500800
2499450
2499850
2500825
2499725
2500575
2499625
2499750
2500850
2498725
2501525
2499075
2500250
2500350
2499025
2500375
2501475
2498800
2499625
2500700
2499550
2500525
2499650
2499525
2500275
2500475
2499575
2499450
2501600
2500125
2499175
2500250
2500350
2499000
2500775
2499550
2500675
2499600
2499000
2500750
2500275
2499325
2500775
2499550
2500750
2499200
2500775
2499600
2500725
2499125
2500650
2499500
2500800
2499225
2500800
2499550
2500725
2499325
2500700
2499575
2500675
2499300
2500775
2499500
2499575
2500475
2499600
2499600
2500700
2500400
2500050
2498875
2501325
2498725
2500325
2500350
2500375
2500150
2499100
2500350
2500350
2500000
2500250
2500275
2499075
2500025
2501525
2497900
2501625
2500050
2499075
2500475
2500475
2499975
2499125
2500250
2500450
2500125
2500300
2499150
2500375
2500100
2500300
2499150
2500300
2501225
2499175
2500250
2500375
2498775
2500450
2500400
2499075
2501300
2499125
2500225
2500300
2500125
2500275
2500400
2499125
2500025
2499125
2501500
2499125
2500050
2500250
2500350
2500300
2500050
2500350
2499125
2500275
2500000
2498975
2500200
2501225
2499650
2499400
2500025
2501200
2499725
2499925
2500000
2500000
2499825
2500000
2499950
2501175
2498450
2500050
2500675
2499950
2499725
2499475
2501100
2500025
2499750
2499900
2499975
2499975
2501025
2499900
2498700
2501250
2499575
2500025
2500025
2500025
2498850
2501625
2500325
2499075
2499475
2500500
2500325
2500325
2500000
2499150
2499800
2501575
2499375
2499450
2500075
2500000
2500325
2499925
2500050
2499900
2499925
2501175
2498750
2501125
2499650
2500050
2499375
2501150
2499925
2499875
2499875
2500025
2499775
2500050
2499950
2500025
2499675
2500275
2499975
2501100
2499575
2499900
2499925
2500025
2499675
2499925
2499950
2500100
2499675
2501175
2499950
2499425
2500725
2499975
2498850
2500450
2499925
2499850
2501225
2499925
2498550
2501200
2500025
2500000
2498950
2501200
2499975
2500125
2498825
2501175
2499975
2499950
2499600
2499025
2501150
2499975
2499900
2500000
2499925
2499925
2500925
2499950
2499900
2499925
2499625
2501175
2498750
2501150
2499650
2498825
2500000
2501250
2499150
2501200
2498675
2501125
2499800
2500025
2499900
2500075
2499675
2499950
2499925
2501275
2498500
2499975
2500350
2500325
2499825
2501175
2498750
2500125
2500025
2500275
2499850
2500450
2499975
2499775
2500350
2499150
2500650
2501125
2498700
2499975
2499825
2499150
2501475
2500300
2499275
2500800
2499575
2500850
2498950
2500750
2498300
2502050
2499300
2499475
2500800
2500275
2499575
2499725
2500900
2499525
2500100
2500425
2499150
2500525
2500150
2500350
2499125
2500325
2500000
2500425
2499100
2500325
2500350
2499925
2500150
2500000
2499850
2500375
2499150
2500825
2500475
2499550
2499575
2500800
2499225
2500675
2499600
2499450
2500100
2500425
2499800
2500300
2500025
2500400
2499175
2501575
2498800
2500300
2500450
2500325
2497675
2502000
2499450
2500025
2500525
2499575
2499750
2499800
2500475
2499925
2499050
2500200
2501300
2500350
2499175
2500500
2499525
2500400
2499050
2501100
2499950
2499150
2500475
2501550
2498750
2500375
2500425
2499100
2499975
2500350
2500300
2500325
2500300
2499925
2498750
2501075
2499625
2499925
2500100
2499950
2499800
2501225
2498850
2500000
2498925
2501750
2499325
2501225
2499150
2499425
2500575
2500475
2498950
2500750
2500000
2500025
2499750
2498875
2501275
2500025
2499675
2501200
2498825
2501225
2499950
2500050
2498900
2501200
2500000
2499000
2499950
2500050
2500300
2499875
2499950
2501150
2499875
2498600
2501200
2499825
2499750
2499850
2499875
2501125
2499625
2500100
2499950
2499900
2499525
2500425
2500325
2499150
2500200
2500400
2499150
2501050
2500000
2499100
2500325
2500400
2500525
2498850
2501150
2499975
2500900
2498700
2499875
2499925
2500550
2500125
2498825
2501250
2499900
2499950
2500025
2499975
2499825
2501300
2498825
2500125
2500825
2500075
2498700
2501250
